#freq[THz]  DOS(pure) DOS(imp)
    0.0000000   0.0000000e+00   0.0000000e+00
    0.1111111   1.0872087e-08   1.0947902e-08
    0.2222222   1.7393683e-07   1.7509828e-07
    0.3333333   8.8041554e-07   8.8635163e-07
    0.4444444   2.7819299e-06   2.8004455e-06
    0.5555556   6.7898811e-06   6.8361731e-06
    0.6666667   1.4074581e-05   1.4176971e-05
    0.7777778   2.6064135e-05   2.6245324e-05
    0.8888889   4.4443075e-05   4.4751405e-05
    1.0000000   7.1150747e-05   7.1690369e-05
    1.1111111   1.0837945e-04   1.0918174e-04
    1.2222222   1.5857232e-04   1.5981513e-04
    1.3333333   2.2442097e-04   2.2609246e-04
    1.4444444   3.0886291e-04   3.1139928e-04
    1.5555556   4.1507864e-04   4.1838246e-04
    1.6666667   5.4648860e-04   5.5097458e-04
    1.7777778   7.0674977e-04   7.1301856e-04
    1.8888889   8.9975211e-04   9.0782758e-04
    2.0000000   1.1296147e-03   1.1396919e-03
    2.1111111   1.4006816e-03   1.4133613e-03
    2.2222222   1.7175176e-03   1.7341398e-03
    2.3333333   2.0849035e-03   2.1057403e-03
    2.4444444   2.5078314e-03   2.5341088e-03
    2.5555556   2.9914995e-03   3.0255421e-03
    2.6666667   4.7657730e-03   4.8187899e-03
    2.7777778   5.8043950e-03   5.8718507e-03
    2.8888889   7.2684174e-03   7.3664984e-03
    3.0000000   9.2141459e-03   9.3568844e-03
    3.1111111   1.1805888e-02   1.1980939e-02
    3.2222222   1.3902234e-02   1.4058898e-02
    3.3333333   1.4987598e-02   1.5121333e-02
    3.4444444   1.5171499e-02   1.5247641e-02
    3.5555556   1.6589143e-02   1.6629751e-02
    3.6666667   1.7575421e-02   1.7563062e-02
    3.7777778   1.8155994e-02   1.8114157e-02
    3.8888889   1.8546002e-02   1.8461395e-02
    4.0000000   1.8625899e-02   1.8534250e-02
    4.1111111   1.9822475e-02   1.9710581e-02
    4.2222222   1.9975518e-02   1.9848006e-02
    4.3333333   2.0799794e-02   2.1014287e-02
    4.4444444   8.7760976e-03   8.7396259e-03
    4.5555556   8.1764531e-03   8.1481038e-03
    4.6666667   7.3345042e-03   7.3098228e-03
    4.7777778   6.2199946e-03   6.3097605e-03
    4.8888889   8.4316342e-03   8.3108724e-03
    5.0000000   6.4053817e-03   6.3723461e-03
    5.1111111   8.2467417e-03   8.1326001e-03
    5.2222222   9.6934148e-03   9.5597165e-03
    5.3333333   1.0630727e-02   1.0489664e-02
    5.4444444   1.3835215e-02   1.3712635e-02
    5.5555556   1.4304507e-02   1.4283862e-02
    5.6666667   1.4145780e-02   1.4215002e-02
    5.7777778   1.1792224e-02   1.1901254e-02
    5.8888889   1.2372135e-02   1.2507532e-02
    6.0000000   1.2775318e-02   1.2957439e-02
    6.1111111   1.3010046e-02   1.3179799e-02
    6.2222222   1.2298381e-02   1.2400974e-02
    6.3333333   1.5797018e-02   1.5845719e-02
    6.4444444   1.9371945e-02   1.9369686e-02
    6.5555556   1.5009742e-02   1.5119330e-02
    6.6666667   1.0692733e-02   1.0878001e-02
    6.7777778   8.3689218e-03   8.5128448e-03
    6.8888889   8.6406643e-03   8.7838398e-03
    7.0000000   9.4294468e-03   9.5957396e-03
    7.1111111   1.1065005e-02   1.1280784e-02
    7.2222222   1.0216206e-02   1.0515694e-02
    7.3333333   8.5520796e-03   8.7826306e-03
    7.4444444   1.5397364e-02   1.5329187e-02
    7.5555556   2.9919091e-03   2.9876789e-03
    7.6666667   6.8288944e-06   6.9718049e-06
    7.7777778   0.0000000e+00   0.0000000e+00
    7.8888889   1.5037637e-02   1.5607639e-02
    8.0000000   2.6793137e-02   2.6397743e-02
    8.1111111   2.9914212e-02   2.9313583e-02
    8.2222222   2.1006878e-02   2.0696585e-02
    8.3333333   3.7792973e-02   3.6883414e-02
    8.4444444   1.0823380e-02   1.0598852e-02
    8.5555556   6.1942253e-05   6.0631254e-05
    8.6666667   9.5265950e-05   9.3572924e-05
    8.7777778   1.3622211e-04   1.3413889e-04
    8.8888889   1.8504667e-04   1.8267600e-04
    9.0000000   2.4197597e-04   2.3959065e-04
    9.1111111   3.0724664e-04   3.0639445e-04
    9.2222222   9.5841116e-03   9.5446596e-03
    9.3333333   9.0553350e-03   9.0135641e-03
    9.4444444   7.6449116e-03   7.6008625e-03
    9.5555556   6.8098014e-03   6.7577610e-03
    9.6666667   5.8092498e-03   5.7596288e-03
    9.7777778   4.4937957e-03   4.4554636e-03
    9.8888889   3.8460080e-03   3.8124776e-03
   10.0000000   1.9455793e-03   1.9324967e-03
   10.1111111   7.4159288e-04   7.3989098e-04
   10.2222222   1.2797869e-04   1.2821648e-04
   10.3333333   0.0000000e+00   0.0000000e+00
   10.4444444   0.0000000e+00   0.0000000e+00
   10.5555556   0.0000000e+00   0.0000000e+00
   10.6666667   0.0000000e+00   0.0000000e+00
   10.7777778   0.0000000e+00   0.0000000e+00
   10.8888889   0.0000000e+00   0.0000000e+00
   11.0000000   0.0000000e+00   0.0000000e+00
