# ------------------------------------------
# Phonon scattering rate due to an impurity
# calculated by phtmat
# ------------------------------------------
#
#  0 qpoint :  0.00000  0.00000  0.00000
 0        -0.000                nan
 1        -0.000                nan
 2         0.000                nan
 3         2.773       -2.85331e-05
 4         2.773        6.37151e-05
 5         2.773       -3.97743e-05
 6         2.842       -1.07361e-03
 7         2.842       -1.31237e-04
 8         2.842        2.68890e-03

#  1 qpoint :  0.20000  0.00000  0.00000
 0         1.619        8.67847e-03
 1         1.619        1.83742e-03
 2         1.954       -9.78598e-03
 3         2.674       -1.22695e-02
 4         2.696        2.03144e-03
 5         2.696       -4.61563e-03
 6         2.892        2.39375e-02
 7         2.892       -1.49271e-02
 8         3.032       -9.02494e-03

#  2 qpoint :  0.40000  0.00000  0.00000
 0         1.748       -1.99243e-03
 1         1.748        1.92661e-02
 2         2.497        1.08554e-02
 3         2.597       -5.40441e-03
 4         2.597        3.36515e-03
 5         2.673       -2.37595e-02
 6         2.801        2.52374e-02
 7         2.801       -5.84384e-03
 8         3.034       -3.13996e-03

#  3 qpoint :  0.20000  0.20000  0.00000
 0         1.608       -5.58414e-02
 1         1.608        8.41986e-03
 2         2.207       -9.99984e-03
 3         2.605       -9.36836e-03
 4         2.649       -5.21814e-03
 5         2.649       -7.59207e-03
 6         2.885       -5.23437e-02
 7         2.885       -4.28093e-02
 8         3.167       -1.46489e-02

#  4 qpoint :  0.40000  0.20000  0.00000
 0         1.849       -1.14402e-02
 1         1.951       -6.96335e-03
 2         2.396       -3.50617e-02
 3         2.517        2.52310e-02
 4         2.528        9.72443e-03
 5         2.549        1.73398e-02
 6         2.842       -1.95537e-02
 7         2.880       -2.31978e-02
 8         3.146       -1.11727e-02

#  5 qpoint : -0.40000  0.20000  0.00000
 0         2.012        4.48212e-02
 1         2.031        2.37821e-02
 2         2.350       -6.67476e-03
 3         2.443       -2.42692e-02
 4         2.552       -2.28417e-02
 5         2.750        9.35004e-03
 6         2.812       -1.03716e-03
 7         2.895        6.60401e-04
 8         3.024        1.85269e-02

#  6 qpoint : -0.20000  0.20000  0.00000
 0         1.826        1.18451e-02
 1         1.903       -1.84300e-03
 2         2.365       -1.95749e-02
 3         2.517        2.29558e-02
 4         2.556       -4.37517e-03
 5         2.673        4.54730e-04
 6         2.863       -2.06800e-02
 7         2.871       -4.27648e-02
 8         3.116       -4.63672e-02

#  7 qpoint :  0.40000  0.40000  0.00000
 0         1.858        2.12395e-03
 1         1.858        6.08687e-02
 2         2.223       -1.69050e-02
 3         2.312        3.80128e-02
 4         2.312       -1.11728e-01
 5         2.465        2.41038e-02
 6         2.802        1.52079e-03
 7         2.802       -1.76724e-03
 8         3.207       -2.56645e-02

#  8 qpoint : -0.40000 -0.60000  0.00000
 0         2.089       -4.71367e-02
 1         2.188       -4.60912e-02
 2         2.200        3.49454e-03
 3         2.231        3.53413e-02
 4         2.352       -1.80932e-02
 5         2.714       -1.06034e-02
 6         2.801       -4.06310e-02
 7         2.836       -1.75862e-02
 8         3.086       -1.86688e-02

#  9 qpoint :  0.60000  0.40000  0.20000
 0         2.075       -3.17060e-02
 1         2.193        6.42043e-03
 2         2.236       -2.15196e-02
 3         2.389       -3.96428e-02
 4         2.487       -1.57837e-02
 5         2.737       -9.39361e-03
 6         2.862       -2.60435e-03
 7         2.918       -1.02886e-02
 8         3.039        8.74250e-03

