96   
20   

1    
  0.0100000000000000   0.0000000000000000   0.0000000000000000
  -0.0653355500   -0.0000001200   -0.0000001200
   0.0026201300    0.0000000200   -0.0000000400
   0.0012913400   -0.0000000200    0.0000000400
   0.0071746900    0.0000000000   -0.0000000000
   0.0012914000   -0.0000000600    0.0000000300
   0.0071746000   -0.0000000100    0.0000000200
   0.0034206100   -0.0000000100   -0.0000000300
   0.0031342300    0.0000000500   -0.0000000100
   0.0066746400    0.0098722200    0.0000004200
  -0.0059989600    0.0028147800    0.0000000100
   0.0066746200   -0.0098722300    0.0000000000
  -0.0059989100   -0.0028147800   -0.0000004200
  -0.0049036300   -0.0031213800    0.0000000700
   0.0020065900   -0.0037957000    0.0000000600
  -0.0049036200    0.0031214000   -0.0000000700
   0.0020065800    0.0037957200   -0.0000000700
   0.0066745700   -0.0000000100    0.0098724200
  -0.0059988600   -0.0000000200    0.0028144600
  -0.0049035700    0.0000000400   -0.0031213100
   0.0020065400    0.0000000500   -0.0037957200
   0.0066745600   -0.0000000000   -0.0098719400
  -0.0059989200   -0.0000000400   -0.0028149200
  -0.0049035400   -0.0000000300    0.0031213500
   0.0020065100   -0.0000000200    0.0037956600
  -0.0023626800    0.0063350900    0.0063352500
  -0.0001202600   -0.0034603900   -0.0034604400
  -0.0023627100   -0.0063350900    0.0063348900
  -0.0001202700    0.0034603600   -0.0034603800
  -0.0023626900    0.0063350800   -0.0063348400
  -0.0001202500   -0.0034603800    0.0034604500
  -0.0023627200   -0.0063350500   -0.0063352800
  -0.0001202200    0.0034604100    0.0034603700
  -0.0071422000   -0.0082491600   -0.0082490600
  -0.0021455700    0.0004908400    0.0004907800
   0.0011420300   -0.0014008700    0.0000688400
  -0.0010349600   -0.0007795000    0.0001446900
   0.0011422800    0.0000693100   -0.0014013600
  -0.0010349500    0.0001450900   -0.0007799800
  -0.0000792000   -0.0006593800   -0.0006597500
  -0.0011028500   -0.0009031600   -0.0009036400
   0.0009943800    0.0005514800    0.0005516000
   0.0224995400   -0.0212951600   -0.0212950000
  -0.0000900800   -0.0001782000   -0.0008345700
   0.0000859000   -0.0017501200    0.0009739500
  -0.0000900500   -0.0008349900   -0.0001778800
   0.0000856200    0.0009734800   -0.0017496800
   0.0006814100   -0.0008924800   -0.0008919700
   0.0006001600   -0.0002987800   -0.0002983600
   0.0011416600    0.0014008600    0.0000687800
  -0.0010358600    0.0007794500    0.0001447500
  -0.0071421900    0.0082492000   -0.0082491600
  -0.0021464400   -0.0004908000    0.0004907700
  -0.0000800300    0.0006593400   -0.0006597800
  -0.0011036900    0.0009031500   -0.0009036800
   0.0011413600   -0.0000692500   -0.0014013300
  -0.0010358600   -0.0001450700   -0.0007799500
  -0.0000891600    0.0001781700   -0.0008345000
   0.0000862600    0.0017500900    0.0009738900
   0.0009952400   -0.0005514500    0.0005515700
   0.0224995100    0.0212951900   -0.0212950700
   0.0006822600    0.0008924600   -0.0008920100
   0.0006010000    0.0002987500   -0.0002983800
  -0.0000891200    0.0008350200   -0.0001778300
   0.0000865200   -0.0009734300   -0.0017496400
   0.0011414000    0.0000683900    0.0014013100
  -0.0010358400    0.0001442400    0.0007799100
  -0.0000800700   -0.0006602500    0.0006597900
  -0.0011037400   -0.0009040700    0.0009036100
  -0.0071422300   -0.0082491400    0.0082491900
  -0.0021464900    0.0004904800   -0.0004906300
   0.0011417000   -0.0014017700   -0.0000687900
  -0.0010358400   -0.0007803600   -0.0001446800
  -0.0000891500   -0.0008341000    0.0001778100
   0.0000864800    0.0009743300    0.0017496400
   0.0006823500   -0.0008915700    0.0008920000
   0.0006009900   -0.0002979400    0.0002983500
   0.0009952600    0.0005517800   -0.0005516300
   0.0224995900   -0.0212950900    0.0212950400
  -0.0000892300   -0.0001773600    0.0008345500
   0.0000862600   -0.0017492000   -0.0009738300
  -0.0000791900    0.0006602000    0.0006598200
  -0.0011028200    0.0009040100    0.0009036000
   0.0011422900   -0.0000683400    0.0014013100
  -0.0010349500   -0.0001441800    0.0007799000
   0.0011420200    0.0014017600   -0.0000689100
  -0.0010349500    0.0007803600   -0.0001446600
  -0.0071422400    0.0082491800    0.0082491900
  -0.0021456000   -0.0004905000   -0.0004906400
   0.0006814300    0.0008915100    0.0008919900
   0.0006001200    0.0002978700    0.0002983600
  -0.0000900500    0.0008341700    0.0001777800
   0.0000855900   -0.0009742800    0.0017496300
  -0.0000900900    0.0001773800    0.0008345500
   0.0000859200    0.0017491800   -0.0009739400
   0.0009943600   -0.0005517900   -0.0005516100
   0.0224995900    0.0212951300    0.0212950000

2    
  0.0070710678118655   0.0070710678118655   0.0000000000000000
   0.0018539700    0.0009149500    0.0000000600
  -0.0404456700   -0.0408722600    0.0000000700
   0.0042872600    0.0042872700    0.0000000200
   0.0008592000    0.0020463200   -0.0000000000
   0.0042873200    0.0019335900    0.0000000200
   0.0008590900    0.0007996400    0.0000000300
   0.0019014000    0.0020410200   -0.0000000300
   0.0018909800    0.0043870300   -0.0000000000
   0.0046638100    0.0046018100    0.0000003900
  -0.0033175600    0.0092145200   -0.0000000200
   0.0093615400   -0.0034823500   -0.0000000000
  -0.0080261700   -0.0080839100   -0.0000004300
  -0.0045854700   -0.0046864400    0.0000000700
   0.0029623300   -0.0040490600    0.0000000700
  -0.0039562200    0.0028655100   -0.0000000500
   0.0023355900    0.0022251000   -0.0000000400
   0.0070189700   -0.0016655800    0.0040404100
  -0.0056780400   -0.0016704700    0.0086471100
  -0.0042695300   -0.0000905300   -0.0037773200
   0.0026476900   -0.0000903900   -0.0031385700
   0.0070189700   -0.0016655600   -0.0040399500
  -0.0056780900   -0.0016704700   -0.0086475500
  -0.0042694900   -0.0000906000    0.0037773700
   0.0026476700   -0.0000904600    0.0031385100
  -0.0002234300    0.0054543400    0.0066905900
  -0.0016532600   -0.0027270000   -0.0010753200
  -0.0002233100   -0.0072350900    0.0059978800
  -0.0016484700    0.0041974800   -0.0058411200
  -0.0002234500    0.0054543200   -0.0066902100
  -0.0016532100   -0.0027270000    0.0010753500
  -0.0002233200   -0.0072350200   -0.0059982700
  -0.0016484200    0.0041975300    0.0058411000
  -0.0152123600   -0.0144995300   -0.0152774100
   0.0057747800    0.0079461100    0.0060086400
  -0.0001817500   -0.0022601700    0.0014093600
  -0.0000950200   -0.0007999900   -0.0007504500
  -0.0000273100    0.0011650900   -0.0019837000
  -0.0003627800   -0.0002538400   -0.0001380500
  -0.0005282500   -0.0006369400   -0.0004783700
  -0.0002362500   -0.0014403000   -0.0013002600
   0.0035573000    0.0024733000    0.0005030500
   0.0142454900   -0.0143716900   -0.0151516400
   0.0009431300   -0.0011360500   -0.0000927500
  -0.0006681300   -0.0017039000    0.0005565600
   0.0012118300    0.0004041300   -0.0004730800
  -0.0008214700    0.0003063200   -0.0014247000
   0.0006382000   -0.0012069300   -0.0010631500
   0.0002083800   -0.0006256300   -0.0004663500
   0.0003828500    0.0014371000    0.0004989300
  -0.0000059500   -0.0001852400   -0.0006107200
  -0.0154923300    0.0153639800   -0.0145931200
   0.0003862800    0.0014522000    0.0005086300
  -0.0004851000    0.0003225400   -0.0004856000
  -0.0011451500    0.0005844400   -0.0007299600
   0.0002289300   -0.0007523200   -0.0017188100
   0.0002608800    0.0011001400   -0.0004820000
   0.0008573400    0.0001530300    0.0000478200
  -0.0012327600    0.0008808000   -0.0003624800
   0.0086129900    0.0065889200   -0.0045968700
   0.0145275200    0.0152396100   -0.0144666100
   0.0015455300    0.0003488600   -0.0004962700
   0.0001672000    0.0003131600   -0.0004752000
   0.0005896000    0.0004436100   -0.0008195800
  -0.0010799600    0.0001050300   -0.0011633500
  -0.0000281900    0.0011641900    0.0019836500
  -0.0003636800   -0.0002547000    0.0001380100
  -0.0005291300   -0.0006378300    0.0004783500
  -0.0002371400   -0.0014412000    0.0013002500
  -0.0152123600   -0.0144995200    0.0152775000
   0.0057738800    0.0079457700   -0.0060085300
  -0.0001820800   -0.0022610500   -0.0014093000
  -0.0000959100   -0.0008008700    0.0007504100
   0.0012127400    0.0004050200    0.0004730700
  -0.0008206000    0.0003071900    0.0014246700
   0.0006391100   -0.0012060100    0.0010631400
   0.0002092600   -0.0006247500    0.0004663200
   0.0035581800    0.0024736200   -0.0005031300
   0.0142454800   -0.0143716500    0.0151516400
   0.0009439900   -0.0011351900    0.0000927300
  -0.0006677800   -0.0017029900   -0.0005564500
  -0.0004842300    0.0003234300    0.0004856200
  -0.0011442700    0.0005853400    0.0007299400
   0.0002298400   -0.0007514300    0.0017188100
   0.0002618000    0.0011010400    0.0004819500
   0.0003832200    0.0014380000   -0.0004990500
  -0.0000050700   -0.0001843600    0.0006107400
  -0.0154923700    0.0153639800    0.0145931200
   0.0003871700    0.0014525300   -0.0005085200
   0.0015446600    0.0003479400    0.0004962500
   0.0001663200    0.0003122800    0.0004752000
   0.0005887000    0.0004427500    0.0008195700
  -0.0010808800    0.0001041500    0.0011633700
   0.0008564300    0.0001521800   -0.0000477700
  -0.0012330900    0.0008799100    0.0003624200
   0.0086121100    0.0065885700    0.0045968100
   0.0145275400    0.0152395800    0.0144665000

4    
  0.0070710678118655   0.0000000000000000   0.0070710678118655
   0.0050738100    0.0000001300    0.0024189500
   0.0008590900    0.0000000200    0.0007996200
   0.0020462700   -0.0000000200    0.0007997000
  -0.0408015600    0.0000000100   -0.0402262800
   0.0020410100   -0.0000000600    0.0019014200
   0.0025751700   -0.0000000200    0.0047211100
   0.0047210600    0.0000000200    0.0047210200
   0.0010812700    0.0000000300    0.0021602700
   0.0067177300    0.0090181000   -0.0021756200
  -0.0059785900    0.0036682000   -0.0021828200
   0.0067176700   -0.0090181200   -0.0021760200
  -0.0059785400   -0.0036682300   -0.0021832300
  -0.0044978600   -0.0031853300   -0.0003321000
   0.0024211200   -0.0037320500   -0.0003321200
  -0.0044978500    0.0031853400   -0.0003322200
   0.0024211100    0.0037320600   -0.0003322400
   0.0050190000   -0.0000000200    0.0053249000
  -0.0072737100   -0.0000000300    0.0055570800
  -0.0053288800    0.0000000500   -0.0050834100
   0.0064374900    0.0000000600   -0.0002542800
   0.0054088200   -0.0000000100   -0.0071292900
  -0.0076608300   -0.0000000300   -0.0073661700
  -0.0004874900   -0.0000000200    0.0066531900
   0.0015860400   -0.0000000100    0.0018367700
  -0.0001844100    0.0061488000    0.0054402100
  -0.0015292800   -0.0058817600   -0.0026743000
  -0.0001844300   -0.0061487900    0.0054398700
  -0.0015292700    0.0058817200   -0.0026742600
  -0.0001840000    0.0065371900   -0.0072464700
  -0.0015250200   -0.0010353100    0.0042506700
  -0.0001840100   -0.0065371300   -0.0072469100
  -0.0015249900    0.0010353300    0.0042505900
  -0.0154480200   -0.0153521000   -0.0143037300
  -0.0014727100    0.0008503500    0.0006639300
   0.0002115100   -0.0019863900    0.0008984000
   0.0069675500    0.0050626000    0.0071261600
   0.0004134200    0.0004968900   -0.0017392800
   0.0001640100   -0.0008144400   -0.0010292200
  -0.0010740200    0.0004279800   -0.0012150000
  -0.0005344900   -0.0012609900   -0.0012458800
   0.0023562200    0.0004622600    0.0012980000
   0.0146251200   -0.0147259600   -0.0149837300
   0.0025118100   -0.0005823200    0.0015661300
  -0.0011074100   -0.0018514800    0.0010646500
   0.0001648200   -0.0004993400   -0.0008061100
  -0.0006457000    0.0005559900   -0.0016953000
   0.0013584700   -0.0006413200   -0.0015755200
   0.0002331900   -0.0004377100   -0.0006202000
   0.0002111400    0.0019863700    0.0008983300
   0.0069666500   -0.0050626200    0.0071261900
  -0.0154479700    0.0153520800   -0.0143037700
  -0.0014736000   -0.0008503400    0.0006639300
  -0.0010748900   -0.0004280100   -0.0012150000
  -0.0005353500    0.0012609700   -0.0012459000
   0.0004125200   -0.0004968600   -0.0017392500
   0.0001630900    0.0008144500   -0.0010292100
   0.0025127000    0.0005823000    0.0015661700
  -0.0011070500    0.0018514600    0.0010645800
   0.0023571000   -0.0004622500    0.0012980000
   0.0146250800    0.0147259500   -0.0149837600
   0.0013593400    0.0006413000   -0.0015755400
   0.0002340600    0.0004376800   -0.0006202000
   0.0001657400    0.0004993400   -0.0008061000
  -0.0006447900   -0.0005559600   -0.0016952600
   0.0004087300    0.0004919800    0.0014455900
  -0.0007798500   -0.0001990700    0.0001478500
  -0.0004611300   -0.0005097300    0.0003319700
  -0.0004305200   -0.0011590300    0.0002166100
  -0.0151097500   -0.0150103500    0.0147409000
  -0.0007860700    0.0005829700    0.0002479100
  -0.0000563200   -0.0013007000    0.0000122100
   0.0015282200   -0.0004091100    0.0022870600
   0.0011068000    0.0001134300   -0.0000780200
  -0.0006388200    0.0005510600    0.0014036400
   0.0012585400   -0.0005374800    0.0005486900
  -0.0003802300   -0.0013839500   -0.0002622200
   0.0016717300    0.0001924100   -0.0003852200
   0.0142844800   -0.0143887700    0.0154193100
   0.0076098200   -0.0056482900    0.0075072600
  -0.0008373800   -0.0011642500   -0.0001505200
  -0.0004602500    0.0005097000    0.0003320000
  -0.0004296100    0.0011590100    0.0002166200
   0.0004096100   -0.0004919600    0.0014456100
  -0.0007789600    0.0001991100    0.0001478400
  -0.0000560000    0.0013007000    0.0000121100
   0.0015290900    0.0004091100    0.0022871000
  -0.0151097400    0.0150103400    0.0147408500
  -0.0007851700   -0.0005829800    0.0002479100
   0.0012576400    0.0005374500    0.0005486900
  -0.0003811100    0.0013839300   -0.0002621900
   0.0011059100   -0.0001133900   -0.0000780300
  -0.0006397000   -0.0005510500    0.0014036600
   0.0076089400    0.0056482800    0.0075072900
  -0.0008377000    0.0011642600   -0.0001506200
   0.0016708400   -0.0001924200   -0.0003852100
   0.0142844700    0.0143887700    0.0154192500

8    
  0.0100000000000000   0.0000000000000000   0.0000000000000000
   0.0031340100    0.0000001200    0.0000000600
   0.0026741700    0.0000000200   -0.0000000500
   0.0062041800   -0.0000000200    0.0000000200
   0.0015292200   -0.0000000000    0.0000000000
   0.0062042300   -0.0000000600    0.0000000200
   0.0015291800   -0.0000000200    0.0000000200
   0.0030550800    0.0000000100   -0.0000000200
  -0.0560069400    0.0000000300    0.0000001400
   0.0049570100    0.0069132400    0.0000003900
  -0.0077265400    0.0057706800   -0.0000000200
   0.0049569400   -0.0069132500   -0.0000000000
  -0.0077264800   -0.0057707100   -0.0000004200
  -0.0024985900   -0.0000899200    0.0000000700
   0.0044121600   -0.0068378000    0.0000000700
  -0.0024985800    0.0000899300   -0.0000000500
   0.0044121600    0.0068378100   -0.0000000500
   0.0049569200   -0.0000000200    0.0069134300
  -0.0077264400   -0.0000000300    0.0057703800
  -0.0024985400    0.0000000400   -0.0000898300
   0.0044121100    0.0000000600   -0.0068378100
   0.0049569200   -0.0000000100   -0.0069129700
  -0.0077264900   -0.0000000300   -0.0057708300
  -0.0024985100   -0.0000000200    0.0000898700
   0.0044120900   -0.0000000100    0.0068377500
  -0.0003083700    0.0063446800    0.0063448000
  -0.0023463700   -0.0034514200   -0.0034514400
  -0.0003084000   -0.0063446700    0.0063444600
  -0.0023463500    0.0034513800   -0.0034514100
  -0.0003083800    0.0063446600   -0.0063444300
  -0.0023463400   -0.0034514100    0.0034514700
  -0.0003084000   -0.0063446100   -0.0063448600
  -0.0023463100    0.0034514300    0.0034513900
  -0.0150801200   -0.0149238500   -0.0149237600
  -0.0012749900    0.0003720900    0.0003719800
  -0.0000477800   -0.0009494000    0.0001107900
   0.0001149900   -0.0009072500   -0.0001531400
  -0.0000475300    0.0001112300   -0.0009498800
   0.0001150000   -0.0001527000   -0.0009077100
  -0.0010490700   -0.0005581400   -0.0005585600
   0.0054868900    0.0027184700    0.0027180400
   0.0018485000    0.0006742100    0.0006743200
   0.0146523100   -0.0148154900   -0.0148154000
   0.0010581000   -0.0000524900   -0.0005483200
  -0.0011038700   -0.0021921900    0.0009350600
   0.0010581200   -0.0005487400   -0.0000520800
  -0.0011041400    0.0009345900   -0.0021917500
   0.0071611600   -0.0043517000   -0.0043512200
  -0.0003576500   -0.0003998600   -0.0003994100
  -0.0000481500    0.0009493900    0.0001107200
   0.0001141000    0.0009072400   -0.0001531100
  -0.0150800700    0.0149238400   -0.0149238100
  -0.0012758800   -0.0003720800    0.0003719900
  -0.0010499500    0.0005581100   -0.0005585600
   0.0054860200   -0.0027184900    0.0027180100
  -0.0000484300   -0.0001112000   -0.0009498500
   0.0001140800    0.0001527100   -0.0009077000
   0.0010590000    0.0000524700   -0.0005482800
  -0.0011035100    0.0021921800    0.0009350000
   0.0018493900   -0.0006742000    0.0006743200
   0.0146522800    0.0148154900   -0.0148154500
   0.0071620300    0.0043516900   -0.0043512400
  -0.0003567800    0.0003998300   -0.0003994100
   0.0010590200    0.0005487400   -0.0000520600
  -0.0011032300   -0.0009345600   -0.0021917100
  -0.0000484100    0.0001103300    0.0009498300
   0.0001141000   -0.0001535500    0.0009076700
  -0.0010499500   -0.0005590300    0.0005585500
   0.0054860000    0.0027175600   -0.0027180400
  -0.0150801300   -0.0149238400    0.0149238600
  -0.0012758900    0.0003717500   -0.0003718800
  -0.0000481100   -0.0009502900   -0.0001107300
   0.0001141000   -0.0009081200    0.0001530900
   0.0010590200   -0.0005478600    0.0000520700
  -0.0011032600    0.0009354500    0.0021917200
   0.0071620700   -0.0043507900    0.0043512200
  -0.0003567800   -0.0003989800    0.0003993900
   0.0018493900    0.0006745400   -0.0006744000
   0.0146523100   -0.0148154500    0.0148154000
   0.0010589700   -0.0000516200    0.0005483000
  -0.0011035200   -0.0021912900   -0.0009349500
  -0.0010490700    0.0005590000    0.0005585700
   0.0054869000   -0.0027175900   -0.0027180300
  -0.0000475200   -0.0001103100    0.0009498500
   0.0001149900    0.0001536000    0.0009076500
  -0.0000477900    0.0009503000   -0.0001108300
   0.0001149800    0.0009081200    0.0001531300
  -0.0150801100    0.0149238300    0.0149238100
  -0.0012749900   -0.0003717500   -0.0003718800
   0.0071611700    0.0043507600    0.0043512200
  -0.0003576600    0.0003989500    0.0003994100
   0.0010581300    0.0005478900    0.0000520700
  -0.0011041400   -0.0009354300    0.0021917300
   0.0010580900    0.0000516200    0.0005483300
  -0.0011038400    0.0021912900   -0.0009350600
   0.0018485000   -0.0006745500   -0.0006743900
   0.0146522900    0.0148154500    0.0148153500

9    
  0.0070710678118655   0.0000000000000000   0.0070710678118655
   0.0002431200    0.0024941200   -0.0016675600
   0.0006652400   -0.0023522500   -0.0016700800
   0.0005657300   -0.0023052400   -0.0016645400
   0.0003609600    0.0026696200   -0.0021818200
  -0.0008920300    0.0003447700   -0.0002229100
  -0.0011262400   -0.0001960600   -0.0001833100
  -0.0009055900   -0.0001187400   -0.0001842000
  -0.0009789000    0.0004027100   -0.0002176400
  -0.0335452100    0.0047499600   -0.0401364600
  -0.0041750100    0.0063422600    0.0012365500
   0.0073676600   -0.0063425600    0.0012366600
  -0.0015288200   -0.0064355700    0.0025608100
  -0.0024302400   -0.0034954100    0.0024318100
   0.0080568600   -0.0035511000    0.0048930000
  -0.0012933900    0.0033187200    0.0048923200
   0.0055950500    0.0034130400    0.0023588200
   0.0048471100   -0.0024321300    0.0067826200
  -0.0062886700   -0.0003692400    0.0052436700
  -0.0050523800    0.0024347000   -0.0029469200
   0.0034247000    0.0002747700   -0.0045623000
   0.0049811500    0.0023078600   -0.0059276600
  -0.0063638600    0.0002982400   -0.0075143600
  -0.0049299100   -0.0024960500    0.0040697100
   0.0033920200   -0.0003060000    0.0023859300
  -0.0019377300    0.0062958000    0.0044478000
   0.0028623900   -0.0035329000   -0.0004751700
  -0.0014698500   -0.0063407900    0.0048881000
  -0.0008344500    0.0034466100   -0.0042597200
   0.0027944600    0.0064247000   -0.0035971300
  -0.0020760800   -0.0034150500    0.0016095900
  -0.0008003000   -0.0064147500   -0.0071545400
  -0.0014139200    0.0034145700    0.0020848000
  -0.0129012300   -0.0148112000   -0.0130996800
  -0.0022593600    0.0007789200    0.0009951900
   0.0012923800   -0.0015799800    0.0012761200
  -0.0007005700   -0.0005896100   -0.0005255600
   0.0010361600    0.0003150100   -0.0021934100
  -0.0005720700   -0.0003813100   -0.0006695900
  -0.0006641600   -0.0002652100   -0.0008211000
  -0.0010213900   -0.0008812900   -0.0010417600
   0.0083182300   -0.0043319400    0.0074024900
   0.0145800400   -0.0145569900   -0.0145224100
   0.0005557400   -0.0007402600   -0.0002443900
  -0.0011139400   -0.0011723900    0.0011372500
   0.0007764000   -0.0000236500   -0.0007880300
  -0.0012990300   -0.0002861400   -0.0022631500
   0.0015667100   -0.0004294100   -0.0014367700
   0.0001917200   -0.0004249700   -0.0006046600
   0.0026005500    0.0014186000    0.0025225500
  -0.0010503700    0.0001517000    0.0001975400
  -0.0141119000    0.0147984600   -0.0141390300
  -0.0018893000   -0.0003305100    0.0002898700
   0.0000910200    0.0006729200   -0.0011551100
  -0.0010029000    0.0009237600   -0.0010526800
   0.0003118700   -0.0007157100   -0.0018253900
  -0.0006077100    0.0003340600   -0.0006203900
   0.0083588500    0.0063245300    0.0075477800
  -0.0008525900    0.0011987300    0.0009098900
   0.0016709600   -0.0002366300    0.0006556700
   0.0143466700    0.0145375000   -0.0142551900
   0.0012525400    0.0004709600   -0.0012296100
  -0.0003583700    0.0012860200   -0.0011459600
   0.0010670500   -0.0000200600   -0.0009660900
  -0.0007349500   -0.0005776100   -0.0017057400
   0.0008517400    0.0001286700    0.0012597500
  -0.0012398600    0.0006053100   -0.0002033000
   0.0003129500   -0.0009286000   -0.0000524900
  -0.0010677300   -0.0009267100    0.0007499900
  -0.0075447600   -0.0094824600    0.0226971400
  -0.0018888900    0.0000988600   -0.0001111300
   0.0006128500   -0.0012086300   -0.0003940000
  -0.0010601800   -0.0009446300    0.0009595900
   0.0009720500   -0.0000907000   -0.0002073900
  -0.0006394500    0.0005217200    0.0014766900
   0.0006528000   -0.0010644800    0.0005771100
   0.0001844200   -0.0004851700    0.0003177500
   0.0035349300    0.0004745200    0.0014815000
   0.0142267500   -0.0151728900    0.0153222100
   0.0013086300   -0.0005015200    0.0011628200
  -0.0008347700   -0.0014264100   -0.0007503800
   0.0000261900    0.0008650800    0.0001634000
  -0.0016358300    0.0000023700    0.0001915000
   0.0011264300   -0.0000587400    0.0010372700
  -0.0006646500    0.0003234300    0.0003356700
   0.0070558200   -0.0030192100    0.0060389300
  -0.0008072300    0.0009032400    0.0007241400
  -0.0147267400    0.0144407100    0.0149420800
  -0.0021412200   -0.0000536200    0.0000950100
   0.0014056300    0.0006209300    0.0002155800
   0.0001939400    0.0004549600    0.0003024700
   0.0002270900    0.0005361500    0.0001228700
  -0.0006521000   -0.0004940900    0.0014577000
   0.0025069900    0.0004450100    0.0022132800
  -0.0011680500    0.0018058700   -0.0000675800
   0.0022789600   -0.0005517600    0.0001883800
   0.0146024100    0.0147979100    0.0145689200

9    
 -0.0070710678118655   0.0000000000000000  -0.0070710678118655
  -0.0002340600   -0.0024963900    0.0016736100
  -0.0006754200    0.0023509800    0.0016656900
  -0.0005592400    0.0023018600    0.0016712300
  -0.0003778700   -0.0026803000    0.0021767900
   0.0008889600   -0.0003476100    0.0002236200
   0.0011273200    0.0001923000    0.0001849200
   0.0009013300    0.0001157500    0.0001840500
   0.0009797200   -0.0004052600    0.0002183700
   0.0462427100    0.0079180000    0.0401475800
  -0.0085145200    0.0063448700   -0.0012375800
   0.0053175900   -0.0063452800   -0.0012374300
  -0.0111614700   -0.0062514600   -0.0025625400
  -0.0044891300   -0.0034226700   -0.0024329000
  -0.0011413400   -0.0033663500   -0.0048943300
  -0.0056257100    0.0035999100   -0.0048950500
   0.0013189900    0.0035032600   -0.0023600600
   0.0078329500    0.0024362500    0.0058933800
  -0.0063977300    0.0003734100    0.0074436300
  -0.0018699000   -0.0024310800   -0.0039811500
   0.0034901300   -0.0002698500   -0.0023537700
   0.0077081600   -0.0023017900   -0.0067483900
  -0.0063231100   -0.0002946400   -0.0051754700
  -0.0019824300    0.0025053700    0.0028505200
   0.0035224300    0.0003109200    0.0045281600
   0.0019468400    0.0063908600    0.0082363500
  -0.0028481600   -0.0033846000   -0.0064300500
   0.0014678700   -0.0063462800    0.0078060500
   0.0008431100    0.0034687600   -0.0026524900
  -0.0027988800    0.0062609700   -0.0090953700
   0.0020804100   -0.0035017700    0.0053113800
   0.0008018600   -0.0062704200   -0.0055335100
   0.0014252400    0.0035017000    0.0048284600
  -0.0167972400   -0.0148810800   -0.0166642500
  -0.0008757800    0.0002869600    0.0000586600
  -0.0002348000   -0.0015503400   -0.0002245100
  -0.0002419800   -0.0003510700   -0.0001545000
   0.0000197300    0.0007514600   -0.0009467800
  -0.0003719600   -0.0003127400   -0.0002781100
  -0.0000283100   -0.0006770500   -0.0001273500
  -0.0007660300   -0.0009017900   -0.0007448100
  -0.0048937900    0.0050442400   -0.0060559900
   0.0151455100   -0.0151621200   -0.0152132200
   0.0003843300   -0.0001949500   -0.0004500700
   0.0000592500   -0.0019574400   -0.0000752900
   0.0001649400   -0.0006550600   -0.0001639000
   0.0002424400    0.0013468300   -0.0008767200
   0.0002243100   -0.0013497800   -0.0003505800
   0.0004969400   -0.0005160800   -0.0003442700
  -0.0015180200    0.0016826100   -0.0014972900
   0.0001048000    0.0007823100   -0.0008886500
  -0.0156164400    0.0149259400   -0.0155944500
  -0.0012484100   -0.0007281400    0.0007698700
  -0.0007814500    0.0002639400    0.0002067800
  -0.0007846800    0.0008675400   -0.0007368000
   0.0007339900   -0.0003447300   -0.0013162500
  -0.0003416300    0.0003523500   -0.0003261800
  -0.0070937300   -0.0050054200   -0.0079094900
  -0.0002051000    0.0019302000    0.0001387100
   0.0014644500   -0.0008273200    0.0003942700
   0.0153839600    0.0151818700   -0.0154643100
   0.0005307300    0.0013077800   -0.0005615100
   0.0010495000   -0.0003455300    0.0001973500
  -0.0001102900    0.0007002500    0.0000178500
  -0.0003186400   -0.0004819200   -0.0014338100
   0.0002064200    0.0009362900    0.0018831700
   0.0002929900   -0.0012881500    0.0011515500
  -0.0010133200   -0.0000076700    0.0010001200
  -0.0007198000   -0.0008546400    0.0010389800
  -0.0224980800   -0.0206117200    0.0066972700
  -0.0012461000    0.0009672400   -0.0009384700
   0.0004460300   -0.0019197700   -0.0006572700
   0.0001131800    0.0000086900   -0.0002810000
  -0.0000247400   -0.0005876900    0.0011562000
  -0.0004154900    0.0005283700    0.0016641000
   0.0011425500   -0.0007173200    0.0012138500
   0.0005085800   -0.0004579000    0.0006295400
  -0.0004249600    0.0006182900   -0.0025071200
   0.0155018600   -0.0145475200    0.0144096700
  -0.0003657100   -0.0004376800   -0.0004708600
  -0.0002206200   -0.0017073100   -0.0003091400
  -0.0007119100    0.0000707100    0.0007892500
  -0.0001500900    0.0017782200    0.0015985100
  -0.0000778100   -0.0010052800    0.0021020100
  -0.0002801700    0.0003606500    0.0006136500
  -0.0062933200    0.0064989300   -0.0073884500
  -0.0001335100    0.0000309400   -0.0000289900
  -0.0150007600    0.0152778500    0.0147941400
  -0.0009961700   -0.0010103100   -0.0011562900
   0.0003809800    0.0011548300    0.0015748200
   0.0004942400    0.0004970600    0.0006472800
   0.0007234300    0.0001489000    0.0008270800
  -0.0004018100   -0.0005644200    0.0016802500
  -0.0016033200    0.0004594600   -0.0015011100
   0.0001121400    0.0013214600   -0.0009847700
   0.0008565500   -0.0005097300   -0.0012386200
   0.0151254900    0.0149280700    0.0151525800

13   
  0.0070710678118655   0.0000000000000000   0.0070710678118655
  -0.0010258600    0.0002387000   -0.0000856100
  -0.0008103800   -0.0003140200   -0.0000904600
  -0.0009117200   -0.0003193000   -0.0000908100
  -0.0010377400    0.0002736600   -0.0003320900
   0.0007401900    0.0023837100   -0.0016484300
   0.0005469000   -0.0024221900   -0.0015298700
   0.0007930700   -0.0024119300   -0.0015248700
   0.0006719800    0.0023854500   -0.0016618400
   0.0073736200    0.0063074300    0.0024324100
  -0.0017447500    0.0064842000    0.0048934500
   0.0085099800   -0.0062520400    0.0048933900
  -0.0042052400   -0.0063889400    0.0023589200
  -0.0434692700   -0.0038322300   -0.0394495800
   0.0055579000   -0.0034558000    0.0011909700
  -0.0025318500    0.0034558700    0.0011909100
   0.0079921400    0.0035046900    0.0023451800
   0.0047792800    0.0024094600    0.0067224600
  -0.0063743100    0.0002741100    0.0052404800
  -0.0050775900   -0.0024223700   -0.0029808600
   0.0034020900   -0.0003220300   -0.0045674300
   0.0048423500   -0.0025244700   -0.0059443700
  -0.0064105600   -0.0003066500   -0.0074986900
  -0.0050487300    0.0023868800    0.0039010400
   0.0033622300    0.0002816900    0.0023886200
   0.0030258100    0.0062634000    0.0091429500
  -0.0019470400   -0.0034635000   -0.0054171100
  -0.0007990800   -0.0063094200    0.0054969000
  -0.0013891100    0.0034969400   -0.0048484100
  -0.0019009900    0.0063307900   -0.0083706900
   0.0028682000   -0.0034292300    0.0063422500
  -0.0013808100   -0.0063453600   -0.0077537700
  -0.0007866600    0.0034568200    0.0026680900
  -0.0143953700   -0.0150659500   -0.0155598700
  -0.0017465800    0.0005093900    0.0003746800
   0.0002964700   -0.0014110900    0.0002196000
  -0.0005727900   -0.0004516100   -0.0004645300
   0.0025153400    0.0005882600    0.0004342600
  -0.0011122100   -0.0000879000   -0.0000158500
   0.0003733200   -0.0004550900    0.0002385500
  -0.0011828500   -0.0010434300   -0.0011474000
   0.0019140000    0.0009603400    0.0002166200
   0.0141828100   -0.0158081600   -0.0155963500
   0.0010873000   -0.0000177800   -0.0008999400
  -0.0007079700   -0.0015661200    0.0003556200
   0.0075376400   -0.0055723600    0.0066266200
  -0.0008931000    0.0009446500   -0.0011757900
   0.0009884500   -0.0011952000   -0.0007720400
  -0.0001908300   -0.0000224600    0.0001994000
   0.0010222600    0.0018053400   -0.0001122700
  -0.0005648100    0.0004376100   -0.0004680700
  -0.0151091000    0.0146706700   -0.0152219600
  -0.0017391000   -0.0004990300    0.0003736100
   0.0016512200    0.0004317200    0.0014663200
  -0.0015330900    0.0006250000   -0.0004219000
   0.0013149800   -0.0005540800   -0.0007986400
  -0.0007700300    0.0005038700   -0.0007397200
   0.0008268200    0.0000465400   -0.0006722700
  -0.0012787000    0.0024710900   -0.0002149000
   0.0021912200   -0.0009927400   -0.0000293500
   0.0147380800    0.0149074200   -0.0150548100
   0.0081524200    0.0062509200    0.0064246000
   0.0000189900    0.0000587400   -0.0000676900
   0.0005395300    0.0007221100   -0.0003287300
  -0.0011196100   -0.0009774700   -0.0009051100
   0.0075921900    0.0056358000    0.0086099200
  -0.0008338300   -0.0006788900    0.0008768900
  -0.0002176400   -0.0001756400    0.0006212000
  -0.0014596100   -0.0013164700    0.0015507800
  -0.0144745600   -0.0151459200    0.0145181500
  -0.0022846700    0.0013531900   -0.0012301200
   0.0011337100   -0.0019462400   -0.0010757800
  -0.0006529600   -0.0005310500    0.0001836600
   0.0024535300   -0.0003518000    0.0024309900
  -0.0011594200    0.0002291000    0.0020745100
   0.0016504000   -0.0008985200    0.0016343100
   0.0000139000   -0.0003120700    0.0002022700
   0.0020468900    0.0008345700   -0.0011878400
   0.0147268000   -0.0149200900    0.0146732500
   0.0002898400   -0.0006500600    0.0000707700
  -0.0006726100   -0.0015708100   -0.0006669700
   0.0065133500   -0.0042968800    0.0072657900
  -0.0012329800    0.0012860800    0.0012868200
   0.0006001600   -0.0008236300    0.0017001100
  -0.0010576300    0.0007065300    0.0011397100
   0.0008986800    0.0019360400   -0.0008565300
  -0.0011941800   -0.0003650700   -0.0003622700
  -0.0142154400    0.0152115300    0.0142978400
  -0.0017411000   -0.0004660900   -0.0006830500
   0.0028179500    0.0008853900    0.0028657600
  -0.0003653700    0.0007581700    0.0009405400
   0.0012393300    0.0003386000    0.0012028200
  -0.0008169900   -0.0006711900    0.0013468900
   0.0010017200    0.0002201200   -0.0002739000
  -0.0006857200    0.0015870600   -0.0006631700
   0.0013001200   -0.0003970300   -0.0008480900
   0.0147373900    0.0149077800    0.0146788700

13   
 -0.0070710678118655   0.0000000000000000  -0.0070710678118655
   0.0010236300   -0.0002383800    0.0000842300
   0.0008114200    0.0003139500    0.0000905600
   0.0009106500    0.0003195300    0.0000902400
   0.0010390200   -0.0002730900    0.0003323700
  -0.0007303800   -0.0023821000    0.0016532900
  -0.0005567900    0.0024242500    0.0015244100
  -0.0007832900    0.0024108900    0.0015294100
  -0.0006811600   -0.0023860200    0.0016564300
   0.0053144300    0.0063802400   -0.0024321200
  -0.0109432400    0.0062029500   -0.0048937200
   0.0041773300   -0.0064368400   -0.0048937700
  -0.0084815900   -0.0062986600   -0.0023597600
   0.0365582500   -0.0030798100    0.0394503400
   0.0013589000   -0.0034608300   -0.0011911000
  -0.0043843800    0.0034609300   -0.0011911700
  -0.0010751900    0.0034120100   -0.0023455600
   0.0079118200   -0.0024066400    0.0059758400
  -0.0063129000   -0.0002741700    0.0074438100
  -0.0018333200    0.0024211100   -0.0039246200
   0.0035140400    0.0003220800   -0.0023509800
   0.0078391700    0.0025266800   -0.0067526400
  -0.0062767500    0.0003066300   -0.0051859800
  -0.0018728600   -0.0023881700    0.0030055600
   0.0035546900   -0.0002819000    0.0045300300
  -0.0030341400    0.0064238200    0.0035373000
   0.0019427000   -0.0034534100   -0.0014960500
   0.0007957600   -0.0063788100    0.0071867200
   0.0013937500    0.0034191700   -0.0020735300
   0.0019061800    0.0063554400   -0.0043196900
  -0.0028604900   -0.0034875700    0.0005821600
   0.0013756400   -0.0063423000   -0.0049274700
   0.0007884800    0.0034595700    0.0042511700
  -0.0153363600   -0.0146566100   -0.0141738400
  -0.0013888200    0.0005400500    0.0006774600
   0.0007511700   -0.0017214100    0.0008322200
  -0.0003743700   -0.0004917700   -0.0002265500
  -0.0014298000    0.0005053500   -0.0036026000
   0.0001682300   -0.0005922800   -0.0009316900
  -0.0010614200   -0.0004848700   -0.0011880500
  -0.0006008200   -0.0007384600   -0.0006345700
   0.0012187700    0.0001046200    0.0008327400
   0.0155485500   -0.0139177300   -0.0141383900
  -0.0001323300   -0.0009200500    0.0002077800
  -0.0003477500   -0.0015662900    0.0006971900
  -0.0062927700    0.0045326500   -0.0072784900
  -0.0001666900    0.0001190900   -0.0019669600
   0.0007946300   -0.0005822600   -0.0010193900
   0.0008802600   -0.0009151300   -0.0011392700
   0.0000318200    0.0013211500    0.0011639800
  -0.0003815400    0.0005143500   -0.0002256100
  -0.0146304000    0.0150577500   -0.0145130100
  -0.0014007000   -0.0005589400    0.0006810500
  -0.0023138000    0.0004780100   -0.0024432700
  -0.0002530700    0.0011515400   -0.0013662900
  -0.0002595600   -0.0005078300   -0.0023420000
  -0.0001748400    0.0001815400   -0.0002016100
   0.0001170700    0.0008902800   -0.0000244600
   0.0002232100    0.0006608400    0.0012679100
   0.0009561700   -0.0000713400    0.0010835000
   0.0149933700    0.0148184100   -0.0146794000
  -0.0060607700   -0.0041077500   -0.0079093600
   0.0006680300    0.0008785500   -0.0008836400
   0.0004047800   -0.0000417200   -0.0006219200
   0.0000653600   -0.0000860800   -0.0022259300
  -0.0068450200   -0.0049411900   -0.0057752000
  -0.0001094400   -0.0000021800    0.0000746100
  -0.0004712600   -0.0007615000    0.0003296800
  -0.0003277300   -0.0004616500    0.0002293700
  -0.0152539900   -0.0145749600    0.0152188400
  -0.0008528300   -0.0002928700    0.0001775500
  -0.0000883500   -0.0011824600    0.0000220600
  -0.0002937400   -0.0004104300    0.0005094700
  -0.0015347800   -0.0003006000   -0.0014537600
   0.0001040400    0.0008364100    0.0010641300
   0.0001358300   -0.0008814500    0.0001556500
   0.0006753400   -0.0006297800    0.0007393400
   0.0010915800    0.0002307900    0.0001358900
   0.0150042600   -0.0148191100    0.0150619300
   0.0006650500   -0.0002920000    0.0006233500
  -0.0003804700   -0.0015631300   -0.0003876000
  -0.0075035700    0.0055934500   -0.0066144700
  -0.0005488300    0.0004918600    0.0005052200
   0.0004585200   -0.0002403000    0.0014419200
   0.0001125200   -0.0000254300   -0.0002000100
   0.0001601300    0.0011917200   -0.0001929400
   0.0002494100    0.0013064600    0.0010555400
  -0.0155262700    0.0145103100    0.0154355400
  -0.0013948600   -0.0005940900   -0.0003695500
  -0.0010607700    0.0008631400   -0.0010466400
   0.0010535900    0.0001778200    0.0000067200
  -0.0002956000    0.0003447100   -0.0002537900
  -0.0002410700   -0.0003888200    0.0017858800
  -0.0000558900    0.0007159600    0.0009681100
  -0.0003707600    0.0015554300   -0.0003891500
   0.0018437300   -0.0006626000   -0.0002040700
   0.0149962600    0.0148223300    0.0150531100

33   
  0.0100000000000000   0.0000000000000000   0.0000000000000000
   0.0076284500    0.0064420900    0.0064421200
  -0.0006827400    0.0001991200    0.0001990400
   0.0006143300   -0.0000897700   -0.0004825600
  -0.0005824100   -0.0004378700   -0.0002378800
   0.0006144100   -0.0004826700   -0.0000897400
  -0.0005825000   -0.0002379000   -0.0004377900
   0.0003099700    0.0004808700    0.0004808100
  -0.0002141200   -0.0000529200   -0.0000529600
   0.0130612600    0.0103699900   -0.0039804900
  -0.0069950100    0.0066846800   -0.0002500700
   0.0069705100   -0.0063365100    0.0004364300
  -0.0068968500   -0.0066213300    0.0001844000
  -0.0028525700   -0.0038056000    0.0000575500
   0.0028764300   -0.0035715200    0.0003883500
  -0.0031662400    0.0041614400   -0.0006310400
   0.0032762600    0.0035188000    0.0000002000
   0.0130611800   -0.0039809100    0.0103701800
  -0.0069949200   -0.0002500800    0.0066843700
  -0.0028525200    0.0000575200   -0.0038055000
   0.0028763800    0.0003883400   -0.0035715300
   0.0069704700    0.0004364200   -0.0063362400
  -0.0068968300    0.0001847900   -0.0066214400
  -0.0031661700   -0.0006310200    0.0041613900
   0.0032761900    0.0000002300    0.0035187500
   0.0068474900    0.0020273600    0.0020274900
  -0.0007378100   -0.0037014400   -0.0037014700
   0.0005686800   -0.0062658400    0.0068040800
  -0.0006522000    0.0038325500   -0.0033092700
   0.0005686700    0.0068042600   -0.0062655900
  -0.0006521700   -0.0033092800    0.0038326500
   0.0002227300   -0.0069793900   -0.0069796600
  -0.0002653200    0.0034568400    0.0034567800
  -0.0580198200   -0.0164277600   -0.0164276700
  -0.0010804300    0.0005205900    0.0005205100
   0.0004543200   -0.0015644000    0.0005179000
  -0.0004370400   -0.0004809700   -0.0003311700
   0.0004545800    0.0005183300   -0.0015648700
  -0.0004370200   -0.0003307200   -0.0004814200
  -0.0019558300   -0.0004801600   -0.0004805800
  -0.0007262400   -0.0008948400   -0.0008952800
   0.0129665000    0.0003166900    0.0003167800
   0.0219597100   -0.0149854400   -0.0149853600
   0.0005026000   -0.0004645900   -0.0003441400
  -0.0005024100   -0.0015693600    0.0005210500
   0.0005026100   -0.0003445700   -0.0004641600
  -0.0005026900    0.0005205700   -0.0015689200
   0.0016302300   -0.0008906900   -0.0008902100
   0.0010237700   -0.0004668900   -0.0004664500
  -0.0022193800    0.0013768400    0.0018013500
  -0.0001952200    0.0004901600   -0.0007043900
  -0.0171942000    0.0149987500   -0.0163109000
  -0.0013011200   -0.0005303800    0.0008645000
  -0.0009429000    0.0004813600   -0.0008238800
  -0.0008180200    0.0008877300   -0.0008186000
  -0.0000856400   -0.0005221400   -0.0012270300
  -0.0004124600    0.0003411100   -0.0005665100
   0.0014356800    0.0014923600    0.0002933400
   0.0004692100    0.0005395700    0.0012442400
   0.0025595500   -0.0015665100   -0.0001482900
   0.0157916900    0.0158782000   -0.0154575900
   0.0011561400    0.0005596700   -0.0010286900
   0.0005916400    0.0008159900   -0.0006045100
   0.0007437400    0.0006788600   -0.0003444300
  -0.0002564700   -0.0008726800   -0.0014438800
  -0.0022196400    0.0018009600    0.0013772900
  -0.0001952200   -0.0007048300    0.0004905900
  -0.0009429200   -0.0008243500    0.0004817900
  -0.0008180300   -0.0008190400    0.0008881800
  -0.0171942100   -0.0163109300    0.0149987500
  -0.0013011300    0.0008642600   -0.0005301800
  -0.0000853400   -0.0012274900   -0.0005216600
  -0.0004124500   -0.0005669400    0.0003415200
   0.0014356900    0.0002937600    0.0014919400
   0.0004694700    0.0012447100    0.0005391200
   0.0011561600   -0.0010282400    0.0005592000
   0.0005916400   -0.0006040700    0.0008155500
   0.0025595500   -0.0001480800   -0.0015667200
   0.0157917000   -0.0154575900    0.0158781400
   0.0007437000   -0.0003440000    0.0006784100
  -0.0002567500   -0.0014434500   -0.0008730700
  -0.0023287200   -0.0002037100   -0.0002041400
  -0.0006994000    0.0010385300    0.0010380900
  -0.0015201800   -0.0012111800    0.0022717100
  -0.0002811000    0.0004869600    0.0003481800
  -0.0015204500    0.0022721600   -0.0012117000
  -0.0002811100    0.0003486400    0.0004865100
  -0.0166578700    0.0154550300    0.0154549900
  -0.0013915000   -0.0006514800   -0.0006516100
   0.0007381900    0.0009943500    0.0009948000
   0.0023034500   -0.0000047100   -0.0000042400
   0.0024988300   -0.0000746100    0.0009145200
  -0.0006992700   -0.0004312900    0.0014777400
   0.0024988200    0.0009141000   -0.0000741800
  -0.0006989700    0.0014773100   -0.0004309000
   0.0013953300   -0.0006208200   -0.0006206700
   0.0166136200    0.0151700600    0.0151699600

33   
 -0.0100000000000000   0.0000000000000000   0.0000000000000000
  -0.0077254200   -0.0066029300   -0.0066024600
   0.0006830400   -0.0001982000   -0.0001982500
  -0.0006100500    0.0000887300    0.0004853800
   0.0005834700    0.0004444800    0.0002423900
  -0.0006100100    0.0004853000    0.0000887900
   0.0005834100    0.0002424000    0.0004445000
  -0.0003068500   -0.0004795900   -0.0004796100
   0.0002139000    0.0000552900    0.0000552200
  -0.0002645500    0.0024529300    0.0038375800
  -0.0056933300    0.0060022700    0.0002515000
   0.0057126300   -0.0063501200   -0.0004335300
  -0.0057927300   -0.0060726900   -0.0001796100
  -0.0040685100   -0.0031128000   -0.0000569100
   0.0040389800   -0.0033492600   -0.0003814600
  -0.0037544200    0.0027536800    0.0006339500
   0.0036405500    0.0033957500    0.0000026400
  -0.0002646300    0.0038371500    0.0024531000
  -0.0056932500    0.0002515100    0.0060019700
  -0.0040684400   -0.0000569300   -0.0031127300
   0.0040389100   -0.0003814500   -0.0033492400
   0.0057125800   -0.0004335500   -0.0063498700
  -0.0057927300   -0.0001792100   -0.0060728400
  -0.0037543300    0.0006339900    0.0027536300
   0.0036404900    0.0000027100    0.0033956900
  -0.0069830900    0.0108192200    0.0108193700
   0.0007377900   -0.0032172100   -0.0032172500
  -0.0005639600   -0.0064224300    0.0058793300
   0.0006542100    0.0030763200   -0.0036129500
  -0.0005639700    0.0058795200   -0.0064221600
   0.0006542200   -0.0036129500    0.0030764000
  -0.0002188200   -0.0057114000   -0.0057116400
   0.0002652700    0.0034561300    0.0034560800
   0.0282016600   -0.0132765800   -0.0132764900
  -0.0020576800    0.0005328100    0.0005327300
   0.0005992400   -0.0015737100    0.0005355200
  -0.0005115200   -0.0004670500   -0.0003632300
   0.0005995100    0.0005359800   -0.0015741800
  -0.0005115200   -0.0003628400   -0.0004675400
   0.0012625100   -0.0004679500   -0.0004683100
  -0.0010616900   -0.0008929300   -0.0008933800
  -0.0095464800    0.0007291100    0.0007292400
   0.0075973800   -0.0147490500   -0.0147489100
   0.0004488300   -0.0004852100   -0.0003501900
  -0.0005544000   -0.0015703600    0.0005322900
   0.0004488700   -0.0003506200   -0.0004848800
  -0.0005546700    0.0005318300   -0.0015699200
   0.0001576200   -0.0008989100   -0.0008983900
  -0.0003306100   -0.0004830300   -0.0004826000
   0.0032745000    0.0017211400   -0.0007472900
  -0.0007549600    0.0004607000    0.0000097100
  -0.0125419700    0.0147624200   -0.0134266000
  -0.0018388500   -0.0005257200    0.0001889500
   0.0002479000    0.0004681900   -0.0001252800
  -0.0009717500    0.0008966500   -0.0009701000
   0.0011380700   -0.0005336300   -0.0019119500
  -0.0005377100    0.0003559200   -0.0003827200
  -0.0004842900   -0.0005416000   -0.0009926100
  -0.0015246900    0.0026016300   -0.0001865800
   0.0005822500    0.0005125300    0.0012065800
   0.0139420600    0.0138564200   -0.0142829000
   0.0006347600    0.0012301800   -0.0007586300
   0.0001019100    0.0001343800   -0.0003460100
   0.0002076800    0.0000160800   -0.0006062500
  -0.0007974900   -0.0001802200   -0.0016935600
   0.0032742400   -0.0007476800    0.0017215900
  -0.0007549400    0.0000091900    0.0004611400
   0.0002478700   -0.0001257700    0.0004686300
  -0.0009717900   -0.0009705000    0.0008970900
  -0.0125419800   -0.0134265400    0.0147623500
  -0.0018388900    0.0001886600   -0.0005255700
   0.0011384000   -0.0019124000   -0.0005331900
  -0.0005376700   -0.0003831300    0.0003562900
  -0.0004842600   -0.0009922100   -0.0005419500
  -0.0015244800   -0.0001861300    0.0026011800
   0.0006348500   -0.0007581900    0.0012297200
   0.0001019100   -0.0003455900    0.0001339800
   0.0005822600    0.0012067900    0.0005123400
   0.0139421000   -0.0142828800    0.0138562300
   0.0002075700   -0.0006057900    0.0000155900
  -0.0007977600   -0.0016931300   -0.0001806300
   0.0016385100    0.0011555100    0.0011551300
  -0.0010873100    0.0007515300    0.0007511100
   0.0025724500    0.0001565400    0.0008698500
  -0.0006685600    0.0002083000    0.0006009800
   0.0025721900    0.0008703100    0.0001559600
  -0.0006685800    0.0006014500    0.0002077900
  -0.0130779400    0.0142803500    0.0142803400
  -0.0017453300   -0.0004013500   -0.0004014900
   0.0010507100    0.0007935400    0.0007940200
  -0.0016139600    0.0009474400    0.0009479200
  -0.0015482500    0.0007730100    0.0000288700
  -0.0003564700   -0.0006223800    0.0016612200
  -0.0015483100    0.0000284600    0.0007733900
  -0.0003561400    0.0016607700   -0.0006220600
   0.0017437600   -0.0004324000   -0.0004322500
   0.0131209800    0.0145710100    0.0145708800

34   
  0.0000000000000000   0.0100000000000000   0.0000000000000000
  -0.0000296000    0.0006169700   -0.0004500500
   0.0036799600    0.0064656900    0.0036753900
  -0.0003960000   -0.0006009000   -0.0001801300
   0.0002767000   -0.0006327000    0.0001902300
   0.0006480000    0.0002928400    0.0006070200
  -0.0004457400    0.0006469600   -0.0001164000
   0.0000048600   -0.0001639600   -0.0000401000
  -0.0001485000   -0.0005755500   -0.0004087000
   0.0062102300    0.0069401100    0.0004832500
  -0.0029113100    0.0125752600   -0.0033298800
   0.0058606800   -0.0069768700    0.0002011300
  -0.0061513900   -0.0070255700   -0.0002226300
  -0.0028889100   -0.0031896900   -0.0005906800
   0.0029405100   -0.0028501300    0.0000895500
  -0.0035266600    0.0032273900    0.0000260100
   0.0032231400    0.0028145300    0.0004238100
   0.0063823900    0.0006250300    0.0067794200
  -0.0096249600    0.0061083200    0.0030849500
  -0.0030712100   -0.0006046500   -0.0032897700
   0.0032072600   -0.0006861300   -0.0036760700
   0.0057301000    0.0002739100   -0.0069299300
  -0.0059336300    0.0005982700   -0.0062925000
  -0.0034577000   -0.0002203600    0.0034786500
   0.0036212700   -0.0006211800    0.0038818900
   0.0001315900    0.0069286200    0.0059025000
  -0.0037795100    0.0030977700    0.0003807200
   0.0004698800   -0.0069693500    0.0061369500
  -0.0001884700    0.0027542200   -0.0032368800
  -0.0005734400    0.0066180100   -0.0057655100
   0.0005084700   -0.0028545400    0.0033811400
   0.0000605800   -0.0065796400   -0.0063547100
   0.0002186700    0.0028343800    0.0030393800
  -0.0148748500   -0.0149415100   -0.0148773900
  -0.0018497900   -0.0408593300   -0.0002551500
   0.0005308400   -0.0015116900    0.0005294400
  -0.0004743700    0.0000261500   -0.0003469800
   0.0005298600   -0.0010947700   -0.0015791600
  -0.0004661200   -0.0004111600   -0.0004712200
  -0.0003472500   -0.0002942200   -0.0004765100
  -0.0009008800   -0.0008329000   -0.0009021900
   0.0015885000   -0.0021925800   -0.0008210200
   0.0150546500   -0.0176164500   -0.0135947900
   0.0004701900   -0.0001953100    0.0000012500
  -0.0005311900   -0.0012956500    0.0001827700
   0.0004703900   -0.0009575100   -0.0001358600
  -0.0005253400   -0.0000835800   -0.0019140000
   0.0008976300   -0.0008150300   -0.0009785700
   0.0003527600   -0.0003948700   -0.0004004200
   0.0005322100    0.0015689400    0.0005256700
  -0.0004546100    0.0103738500   -0.0003389700
  -0.0148663600    0.0148925500   -0.0148743900
  -0.0015470500    0.0092362700    0.0005224400
  -0.0003428600    0.0011816300   -0.0004779900
  -0.0008972100    0.0008998200   -0.0009005100
   0.0005309600    0.0001849500   -0.0015708700
  -0.0004639800    0.0003596800   -0.0004662000
  -0.0005642800    0.0014671400   -0.0010443100
   0.0004858000    0.0025571500    0.0012516400
   0.0026105300    0.0004838200   -0.0001810500
   0.0138296800    0.0158642800   -0.0141820500
   0.0012313000    0.0011554100   -0.0007648100
   0.0000097000    0.0007316700   -0.0006084900
   0.0001321500    0.0006070200   -0.0003398700
  -0.0001908300   -0.0002612400   -0.0016969000
   0.0001821100   -0.0000836500    0.0015736500
   0.0009108200   -0.0030032400    0.0004668400
  -0.0002655300   -0.0003887700    0.0004757500
  -0.0012397000   -0.0006134600    0.0008982900
  -0.0145307700   -0.0154808100    0.0148734700
  -0.0029141100   -0.0021270100   -0.0005045800
   0.0004471700   -0.0014892800   -0.0005296600
  -0.0001327700   -0.0001996200    0.0003550600
  -0.0002194300   -0.0023953000    0.0011991400
  -0.0012520500   -0.0015393600    0.0008643500
   0.0010315400   -0.0007021800    0.0007629000
   0.0004797600   -0.0002893400    0.0006142900
   0.0022696700   -0.0015410000    0.0001773200
   0.0155471200   -0.0169162700    0.0141516100
   0.0003411400   -0.0002909800    0.0002162300
  -0.0006645100   -0.0013779000   -0.0003958600
  -0.0004781100    0.0007222300    0.0001351400
  -0.0001846500    0.0018957200    0.0019287400
   0.0003955100   -0.0002611400    0.0019211000
   0.0002514700    0.0013604000   -0.0005412500
   0.0006642700    0.0018247800   -0.0001917400
  -0.0012020700    0.0014821300   -0.0007143700
  -0.0147428800    0.0151378700    0.0145219800
  -0.0022669500    0.0004768300    0.0005085600
   0.0004137300    0.0029174800    0.0013769100
   0.0004381800    0.0003144000    0.0005631700
   0.0005733900    0.0001860800    0.0003911500
  -0.0010412000    0.0015330600    0.0010850200
   0.0003776500    0.0003176800    0.0002484400
  -0.0000176800    0.0036118600   -0.0010353400
   0.0020471500    0.0015232400   -0.0000518700
   0.0147743500    0.0146959400    0.0149639500

34   
  0.0000000000000000  -0.0100000000000000   0.0000000000000000
   0.0000306200   -0.0006118300    0.0004541000
  -0.0038210000   -0.0065838100   -0.0038179000
   0.0004032100    0.0006023400    0.0001854700
  -0.0002736600    0.0006334300   -0.0001893600
  -0.0006453000   -0.0002888600   -0.0006049200
   0.0004500600   -0.0006417900    0.0001165100
  -0.0000020300    0.0001642100    0.0000435200
   0.0001543200    0.0005773700    0.0004157600
   0.0064771200    0.0057436800   -0.0004784300
  -0.0096413200    0.0002279500    0.0031962000
   0.0068189300   -0.0057127300   -0.0001944700
  -0.0065394400   -0.0056626600    0.0002245100
  -0.0040307400   -0.0037310200    0.0005947100
   0.0039720800   -0.0040710400   -0.0000888100
  -0.0033935200    0.0036896100   -0.0000221500
   0.0036869800    0.0041002800   -0.0004156500
   0.0063053900   -0.0006206300    0.0059051900
  -0.0029299300   -0.0062243800    0.0097366900
  -0.0038524500    0.0006060500   -0.0036329500
   0.0037071600    0.0006862300   -0.0032428700
   0.0069544800   -0.0002701100   -0.0057612100
  -0.0067580200   -0.0005938800   -0.0063964900
  -0.0034617500    0.0002198700    0.0034344200
   0.0032891700    0.0006223600    0.0030267300
  -0.0001310800    0.0057550300    0.0067823600
   0.0036387900   -0.0098962000   -0.0071546700
  -0.0004619500   -0.0057204900    0.0065445700
   0.0001910300    0.0041617800   -0.0036815900
   0.0005763000    0.0060659800   -0.0069251300
  -0.0005044800   -0.0040664200    0.0035355600
  -0.0000569100   -0.0061078700   -0.0063370800
  -0.0002123300    0.0040805200    0.0038693300
  -0.0148623700   -0.0147956500   -0.0148595600
  -0.0012712200    0.0419145000    0.0013096300
   0.0005227200   -0.0016263100    0.0005238800
  -0.0004738700   -0.0009741400   -0.0003477300
   0.0005243300    0.0021490000   -0.0015599000
  -0.0004820600   -0.0002827400   -0.0004779900
  -0.0003466600   -0.0006539000   -0.0004726100
  -0.0008869600   -0.0009547100   -0.0008865600
   0.0015871200    0.0032453600    0.0018740300
   0.0146421300   -0.0121216300   -0.0161432800
   0.0004752100   -0.0007546000   -0.0006955400
  -0.0005196000   -0.0018441000    0.0008706000
   0.0004760900    0.0002621900   -0.0008134500
  -0.0005271800    0.0011360000   -0.0012248600
   0.0008935300   -0.0009745600   -0.0008101300
   0.0003377900   -0.0005551500   -0.0005489200
   0.0005206100    0.0015726000    0.0005274800
  -0.0004954200   -0.0091813400   -0.0003553900
  -0.0148706800    0.0148410100   -0.0148625900
  -0.0015930000   -0.0105367400    0.0005310400
  -0.0003527000   -0.0002330500   -0.0004712000
  -0.0008924000    0.0008914600   -0.0008882500
   0.0005214100   -0.0012395700   -0.0015680000
  -0.0004859500    0.0003305700   -0.0004828300
   0.0015129400   -0.0005151000    0.0003549400
  -0.0015372800    0.0005847300   -0.0002031200
   0.0005282600   -0.0015386600    0.0012291200
   0.0159084600    0.0138707000   -0.0155494400
   0.0005576400    0.0006359300   -0.0010253600
   0.0006864300    0.0002201100   -0.0003394500
   0.0008172900    0.0000866200   -0.0006079300
  -0.0008610700   -0.0007928500   -0.0014432300
   0.0008700300    0.0011359300    0.0015669600
  -0.0018611300    0.0023080200    0.0004472800
  -0.0004300100   -0.0005612600    0.0004699400
  -0.0005500800   -0.0011760400    0.0008931200
  -0.0152061600   -0.0142562200    0.0148620300
  -0.0002255500    0.0031796400   -0.0005132000
   0.0006056900   -0.0016504600   -0.0005200800
  -0.0008174100   -0.0007503600    0.0003369600
   0.0011669500    0.0016997100   -0.0002474200
   0.0002027100    0.0025959900    0.0022771000
   0.0007578700   -0.0010868900    0.0010260000
   0.0002160800   -0.0006578600    0.0003351800
   0.0008677900    0.0025968300   -0.0012328600
   0.0141921600   -0.0128227700    0.0155823700
   0.0006086500   -0.0006561700    0.0004779300
  -0.0003880100   -0.0017611900   -0.0006574500
  -0.0002142500    0.0002294800    0.0008143700
  -0.0016083500   -0.0001040100   -0.0001389500
   0.0006570400   -0.0007927500    0.0012184500
  -0.0011948200   -0.0006672500    0.0014911800
   0.0003878600    0.0013167300   -0.0008619200
   0.0002583500   -0.0005293700    0.0014071600
  -0.0149927500    0.0145973600    0.0152142700
  -0.0008762900   -0.0015319300   -0.0015627800
   0.0013797800   -0.0011271000    0.0004062600
   0.0002555900    0.0006353100    0.0003860300
   0.0003749100    0.0005059400    0.0005579400
  -0.0000184200   -0.0025897500    0.0020483400
   0.0005706000    0.0006321100    0.0004460700
  -0.0010411500   -0.0004705200   -0.0000125600
   0.0010965700   -0.0025793200   -0.0009957100
   0.0149624700    0.0150392400    0.0147726300

34   
  0.0100000000000000   0.0000000000000000   0.0000000000000000
  -0.0005754500    0.0001756100    0.0001755900
   0.0064217700    0.0036222500    0.0036221900
  -0.0005820700   -0.0003907600   -0.0001834400
   0.0006266000   -0.0000959800   -0.0004839100
  -0.0005820100   -0.0001835200   -0.0003907100
   0.0006265400   -0.0004839300   -0.0000959600
  -0.0002078700   -0.0000286400   -0.0000286800
   0.0002878100    0.0006220900    0.0006220700
   0.0056277800    0.0065837700   -0.0002603900
  -0.0002184700    0.0098681500   -0.0033364800
   0.0057117000   -0.0067247200    0.0001812800
  -0.0057708300   -0.0064319000    0.0004309700
  -0.0040921100   -0.0036214700    0.0003835100
   0.0040388600   -0.0038938600    0.0000921700
  -0.0037004800    0.0034594300    0.0000043300
   0.0037001300    0.0041078800   -0.0006272900
   0.0056276800   -0.0002608000    0.0065839600
  -0.0002183800   -0.0033364900    0.0098678700
  -0.0040920600    0.0003834800   -0.0036213800
   0.0040388100    0.0000921600   -0.0038938700
   0.0057116700    0.0001812800   -0.0067244300
  -0.0057708500    0.0004313600   -0.0064320300
  -0.0037004000    0.0000043500    0.0034593700
   0.0037000500   -0.0006272500    0.0041078300
  -0.0006612100    0.0061229700    0.0061231200
   0.0064538600   -0.0070469500   -0.0070469800
  -0.0005561200   -0.0059239700    0.0065374400
   0.0006387100    0.0035358500   -0.0030055000
  -0.0005561100    0.0065376300   -0.0059237300
   0.0006387400   -0.0030055000    0.0035359200
  -0.0001754100   -0.0063280700   -0.0063283200
   0.0003134500    0.0028348200    0.0028347700
  -0.0143800700   -0.0148635000   -0.0148634200
  -0.0450366600    0.0002320600    0.0002319400
   0.0005839600   -0.0015678200    0.0005170300
  -0.0005225700   -0.0004693700   -0.0003425600
   0.0005842200    0.0005174800   -0.0015683000
  -0.0005225600   -0.0003421200   -0.0004698300
  -0.0001649300   -0.0004677800   -0.0004682000
  -0.0025535800   -0.0008853700   -0.0008857900
   0.0119099800    0.0005256600    0.0005257800
   0.0262655800   -0.0146929200   -0.0146928400
   0.0004874500   -0.0004800000   -0.0003445300
  -0.0005267200   -0.0015713700    0.0005233000
   0.0004874500   -0.0003449500   -0.0004795900
  -0.0005269900    0.0005228300   -0.0015709300
   0.0016203900   -0.0008935200   -0.0008930300
   0.0010779400   -0.0004733900   -0.0004729400
   0.0008005200    0.0015718400    0.0001819700
  -0.0030871900    0.0004219900    0.0010204600
  -0.0145996100    0.0148662100   -0.0145255800
  -0.0042136600   -0.0005321300   -0.0008175300
  -0.0002658100    0.0004754700   -0.0003830300
  -0.0014983800    0.0008866900   -0.0012446600
   0.0006066800   -0.0005239300   -0.0016583000
  -0.0010798200    0.0003459500   -0.0001214900
   0.0014636200   -0.0005628100    0.0003594200
   0.0004609500    0.0026225700    0.0012304200
   0.0025631500    0.0005142400   -0.0001768800
   0.0158575600    0.0138367400   -0.0155663500
   0.0011550800    0.0012412300   -0.0010283100
   0.0006034400    0.0001290200   -0.0006111000
   0.0007388300   -0.0000000400   -0.0003469200
  -0.0002711900   -0.0001749900   -0.0014329300
   0.0008002600    0.0001815900    0.0015722800
  -0.0030871800    0.0010200000    0.0004224200
  -0.0002658200   -0.0003835000    0.0004759200
  -0.0014984000   -0.0012451100    0.0008871400
  -0.0145996600   -0.0145256100    0.0148662400
  -0.0042136700   -0.0008177700   -0.0005319300
   0.0006069900   -0.0016587500   -0.0005234500
  -0.0010798000   -0.0001219100    0.0003463400
   0.0014636400    0.0003598300   -0.0005632100
   0.0004612000    0.0012308800    0.0026221100
   0.0011551200   -0.0010278600    0.0012407600
   0.0006034400   -0.0006106700    0.0001285800
   0.0025631400   -0.0001766800    0.0005140400
   0.0158575900   -0.0155663600    0.0138366500
   0.0007387900   -0.0003464900   -0.0000004800
  -0.0002714800   -0.0014325100   -0.0001753900
  -0.0001546800    0.0006087800    0.0006083600
  -0.0029571300    0.0001822100    0.0001817700
   0.0007180100   -0.0003993100    0.0014324000
  -0.0025232700   -0.0003545100    0.0011439800
   0.0007177400    0.0014328500   -0.0003998200
  -0.0025232800    0.0011444500   -0.0003549700
  -0.0146909500    0.0147430200    0.0147430000
  -0.0036124500    0.0001676400    0.0001675200
   0.0029399200    0.0004164200    0.0004168800
   0.0001847300    0.0005678500    0.0005683100
   0.0003045400    0.0004424500    0.0003822400
   0.0015153600   -0.0010057300    0.0020224700
   0.0003045100    0.0003818000    0.0004428900
   0.0015156600    0.0020220300   -0.0010053500
   0.0036115200   -0.0000486600   -0.0000485200
   0.0146942300    0.0147763700    0.0147762700

34   
 -0.0100000000000000   0.0000000000000000   0.0000000000000000
   0.0005748700   -0.0001734700   -0.0001732900
  -0.0065365900   -0.0037609900   -0.0037610800
   0.0005829300    0.0003974600    0.0001889800
  -0.0006231700    0.0000961200    0.0004866500
   0.0005830000    0.0001888800    0.0003975000
  -0.0006232500    0.0004866400    0.0000962000
   0.0002069500    0.0000321800    0.0000321100
  -0.0002847800   -0.0006195200   -0.0006195600
   0.0070607400    0.0061021900    0.0002632400
  -0.0123574000    0.0029532900    0.0032049600
   0.0069753000   -0.0059708500   -0.0001755100
  -0.0069219400   -0.0062569400   -0.0004285700
  -0.0028255900   -0.0033004900   -0.0003761800
   0.0028729300   -0.0030254000   -0.0000919900
  -0.0032154000    0.0034541300   -0.0000012000
   0.0032120000    0.0028056500    0.0006301900
   0.0070606700    0.0002628100    0.0061023800
  -0.0123573200    0.0032049700    0.0029529900
  -0.0028255400   -0.0003762000   -0.0033003800
   0.0028728800   -0.0000920000   -0.0030254000
   0.0069752500   -0.0001755400   -0.0059706000
  -0.0069219100   -0.0004281500   -0.0062570600
  -0.0032153300   -0.0000011700    0.0034540800
   0.0032119400    0.0006302100    0.0028056100
   0.0006618900    0.0065635600    0.0065636700
  -0.0065686300    0.0002697800    0.0002697600
   0.0005581100   -0.0067721000    0.0061442800
  -0.0006340000    0.0033805300   -0.0039139600
   0.0005580700    0.0061444600   -0.0067718400
  -0.0006339500   -0.0039139800    0.0033806300
   0.0001755000   -0.0063630900   -0.0063633700
  -0.0003092400    0.0040788600    0.0040788000
  -0.0153570200   -0.0148729500   -0.0148728700
   0.0418910100    0.0008111300    0.0008110500
   0.0004692000   -0.0015701600    0.0005363600
  -0.0004255100   -0.0004786000   -0.0003519500
   0.0004694700    0.0005367900   -0.0015706400
  -0.0004255000   -0.0003515000   -0.0004790500
  -0.0005290600   -0.0004803200   -0.0004807400
   0.0007659800   -0.0009024700   -0.0009029200
  -0.0090339000    0.0005270900    0.0005271900
   0.0037533600   -0.0150374000   -0.0150373300
   0.0004571700   -0.0004699200   -0.0003501500
  -0.0005233400   -0.0015685100    0.0005300500
   0.0004571700   -0.0003505800   -0.0004694900
  -0.0005236100    0.0005295700   -0.0015680700
   0.0001669100   -0.0008962200   -0.0008957300
  -0.0003840000   -0.0004765700   -0.0004761400
   0.0002519300    0.0015689900    0.0008711200
   0.0021375300    0.0004911900   -0.0017148100
  -0.0151370800    0.0148674300   -0.0152106300
   0.0010740000   -0.0004862500    0.0018710900
  -0.0004298000    0.0004692000   -0.0005659800
  -0.0002912400    0.0009027300   -0.0005440500
   0.0004453600   -0.0005268400   -0.0014805600
   0.0001299700    0.0003461500   -0.0008276600
  -0.0005159400    0.0015138900   -0.0010490100
  -0.0015117700    0.0005187000   -0.0001822400
   0.0005745300   -0.0015680600    0.0012250700
   0.0138808700    0.0158989500   -0.0141645500
   0.0006328400    0.0005490300   -0.0007619200
   0.0000935300    0.0008213500   -0.0003366700
   0.0002093400    0.0006951400   -0.0006009000
  -0.0007795200   -0.0008777200   -0.0017073000
   0.0002516800    0.0008707300    0.0015694400
   0.0021375300   -0.0017152400    0.0004916200
  -0.0004298200   -0.0005664500    0.0004696300
  -0.0002912500   -0.0005444900    0.0009031900
  -0.0151370800   -0.0152106400    0.0148674000
   0.0010739800    0.0018708500   -0.0004860500
   0.0004456700   -0.0014810200   -0.0005263700
   0.0001299800   -0.0008280800    0.0003465600
  -0.0005159300   -0.0010485900    0.0015134800
  -0.0015115200   -0.0001817900    0.0005182400
   0.0006328600   -0.0007614700    0.0005485600
   0.0000935300   -0.0003362300    0.0008209100
   0.0005745300    0.0012252800   -0.0015682700
   0.0138808700   -0.0141645300    0.0158988600
   0.0002092900   -0.0006004700    0.0006946800
  -0.0007798000   -0.0017068700   -0.0008781100
  -0.0005377700    0.0003413100    0.0003408800
   0.0011716100    0.0016100500    0.0016096100
   0.0003345700   -0.0006531100    0.0017068800
   0.0015730800    0.0010471300   -0.0001923200
   0.0003343000    0.0017073400   -0.0006536300
   0.0015730600   -0.0001918600    0.0010466800
  -0.0150444700    0.0149929100    0.0149928700
   0.0004767200   -0.0012230000   -0.0012231300
  -0.0011546400    0.0013662100    0.0013666700
   0.0005100800    0.0003802800    0.0003807400
   0.0006422200    0.0002511900    0.0005668900
  -0.0025673200   -0.0000424800    0.0011111100
   0.0006422100    0.0005664600    0.0002516200
  -0.0025670200    0.0011106600   -0.0000420900
  -0.0004764000   -0.0009992500   -0.0009991100
   0.0150433100    0.0149600700    0.0149599700

36   
  0.0100000000000000   0.0000000000000000   0.0000000000000000
  -0.0005628800   -0.0002978100   -0.0001772100
   0.0006023300   -0.0000630400   -0.0004396300
  -0.0006962200    0.0002382300    0.0002447500
   0.0065214600    0.0037757400    0.0036526400
  -0.0002224500    0.0000068300   -0.0000067600
   0.0002332600    0.0006669000    0.0006165600
  -0.0006242300   -0.0001561500   -0.0004167600
   0.0005880400   -0.0004263000   -0.0000798100
   0.0057659400    0.0059187700    0.0002564400
  -0.0056946800    0.0062586700    0.0005330200
   0.0056970300   -0.0061301300   -0.0001691600
   0.0006280200   -0.0022730000   -0.0040852400
  -0.0036559800   -0.0034883000    0.0000586600
   0.0037541100   -0.0028415200   -0.0005622700
  -0.0040348300    0.0032626100    0.0004494900
   0.0040798400    0.0029828300    0.0001232500
   0.0057303400    0.0004754300    0.0061611400
  -0.0057785300    0.0001367400    0.0059167300
  -0.0041675600   -0.0001949100   -0.0032416500
   0.0098141700   -0.0035471200    0.0001228300
   0.0061136600    0.0000439100   -0.0063683500
  -0.0061056100   -0.0005897400   -0.0057841400
  -0.0040837400    0.0002068100    0.0030263400
   0.0040452600    0.0004970600    0.0033731700
  -0.0006169100    0.0066811900    0.0064684600
   0.0006093800   -0.0034178800   -0.0030585000
  -0.0007027700   -0.0066068700    0.0060827300
   0.0062311400   -0.0000166500   -0.0069147800
  -0.0002028500    0.0063365800   -0.0063636900
   0.0002852700   -0.0041234100    0.0027938500
  -0.0005964600   -0.0062477700   -0.0059947300
   0.0006206800    0.0038676700    0.0034999200
  -0.0148314800   -0.0148753500   -0.0148742700
  -0.0016175900    0.0005266200    0.0005347700
   0.0010270300   -0.0015643500    0.0005301900
  -0.0430507800   -0.0013950200   -0.0000853600
   0.0007070600    0.0005252100   -0.0015631800
  -0.0021163500   -0.0003439800   -0.0004712300
  -0.0002957800   -0.0004708100   -0.0004593600
  -0.0009493800   -0.0008930100   -0.0008917000
   0.0015823100    0.0005289700    0.0005294500
   0.0148965300   -0.0148831600   -0.0148749400
   0.0105650300   -0.0004681900   -0.0003461800
   0.0093734500   -0.0015355300    0.0005172400
   0.0012032400   -0.0003465500   -0.0004723300
   0.0001804600    0.0005233700   -0.0015725600
   0.0009007900   -0.0009001700   -0.0008934600
   0.0003627200   -0.0004661900   -0.0004667900
   0.0008059900    0.0015727300    0.0008653300
  -0.0031421000    0.0004853500   -0.0017022300
  -0.0145888000    0.0148592500   -0.0152174400
  -0.0041824900   -0.0005646600    0.0019127900
  -0.0002653400    0.0004735100   -0.0005528000
  -0.0015030400    0.0008891100   -0.0005459900
   0.0006125000   -0.0005254000   -0.0014778900
  -0.0010736600    0.0003487200   -0.0008204000
   0.0014677900    0.0015135400   -0.0010566600
   0.0004659200    0.0005310400   -0.0001943000
   0.0025585900   -0.0015644100    0.0012222400
   0.0158292000    0.0158861600   -0.0141903400
   0.0011519500    0.0005546400   -0.0007592600
   0.0006081100    0.0008122300   -0.0003461600
   0.0007319500    0.0006952700   -0.0006159200
  -0.0002789500   -0.0008656100   -0.0017024200
   0.0006063400    0.0006004900    0.0015661900
  -0.0010735900   -0.0007051300    0.0004664300
  -0.0000665900   -0.0008207600    0.0004680700
  -0.0035379500    0.0004677400    0.0008920200
  -0.0148060100   -0.0149602500    0.0148617900
  -0.0021749300    0.0008689300   -0.0005384800
   0.0008019700   -0.0012167800   -0.0005363800
  -0.0031420300   -0.0018374000    0.0003619000
   0.0007319300   -0.0004920200    0.0008122500
  -0.0002695300    0.0003881600    0.0012235500
   0.0018902500   -0.0001978800   -0.0001371900
   0.0013479600    0.0002343300    0.0014995800
   0.0018337700    0.0006611700   -0.0008695400
   0.0151367900   -0.0147425300    0.0152087000
   0.0014877700   -0.0011851100    0.0013977100
   0.0004801300   -0.0022344800   -0.0015434000
  -0.0001461200    0.0006155100    0.0003455100
  -0.0029413500    0.0001865600    0.0016041900
   0.0007118700   -0.0003914900    0.0017068600
  -0.0025124700   -0.0003508600   -0.0002352000
   0.0007099200    0.0014428100   -0.0006609000
  -0.0025452600    0.0011820600    0.0010603100
  -0.0146754400    0.0147373700    0.0149972800
  -0.0036183200    0.0002048500   -0.0012509800
   0.0007310500    0.0009889700    0.0008059900
   0.0023723300    0.0000012400    0.0009709400
   0.0025076300   -0.0001278000   -0.0000038700
  -0.0006867500   -0.0004384200    0.0016632300
   0.0025284400    0.0009602400    0.0008300700
  -0.0006832100    0.0014767600   -0.0006099700
   0.0013994300   -0.0006232400   -0.0004273600
   0.0168929100    0.0153082900    0.0143945600

36   
 -0.0100000000000000   0.0000000000000000   0.0000000000000000
   0.0005637400    0.0003047400    0.0001839000
  -0.0005980400    0.0000621400    0.0004424100
   0.0006961400   -0.0002371300   -0.0002432100
  -0.0066388400   -0.0039182600   -0.0037962800
   0.0002218800   -0.0000045400    0.0000091700
  -0.0002294400   -0.0006650300   -0.0006135000
   0.0006253100    0.0001617100    0.0004242300
  -0.0005836400    0.0004290700    0.0000796300
   0.0069206400    0.0067617400   -0.0002492800
  -0.0069988500    0.0064297200   -0.0005295100
   0.0069905100   -0.0065606500    0.0001710800
  -0.0132012200   -0.0102717500    0.0039340300
  -0.0032605900   -0.0034314500   -0.0000550500
   0.0031580200   -0.0040775200    0.0005652100
  -0.0028832600    0.0036478400   -0.0004418800
   0.0028314800    0.0039298400   -0.0001229700
   0.0069565500   -0.0004671700    0.0065215300
  -0.0069148000   -0.0001360400    0.0067673300
  -0.0027492600    0.0001980300   -0.0036767600
  -0.0027816500    0.0034116200   -0.0069013900
   0.0065743600   -0.0000398000   -0.0063232000
  -0.0065865200    0.0005934600   -0.0069077000
  -0.0028342600   -0.0002001200    0.0038824900
   0.0028659900   -0.0004927900    0.0035427600
   0.0006193900    0.0059998600    0.0062144400
  -0.0006041700   -0.0034984000   -0.0038608300
   0.0007036900   -0.0060842200    0.0066030100
  -0.0063442200    0.0070681200    0.0001348800
   0.0002031000    0.0063480400   -0.0063273600
  -0.0002805700   -0.0027958300    0.0041200100
   0.0005986800   -0.0064459100   -0.0067010400
  -0.0006152400    0.0030452500    0.0034163200
  -0.0149052400   -0.0148614100   -0.0148620000
  -0.0015204200    0.0005269600    0.0005186600
   0.0000265300   -0.0015736300    0.0005232600
   0.0421166700    0.0004446500   -0.0005921900
   0.0003471400    0.0005290000   -0.0015757400
   0.0011681300   -0.0003496300   -0.0004776800
  -0.0003977900   -0.0004772800   -0.0004894400
  -0.0008384100   -0.0008948000   -0.0008969800
   0.0015522200    0.0005238300    0.0005236300
   0.0148433900   -0.0148536200   -0.0148616300
  -0.0098730900   -0.0004818500   -0.0003485600
  -0.0101816800   -0.0016047200    0.0005366800
  -0.0002557100   -0.0003488400   -0.0004766700
  -0.0012341300    0.0005290200   -0.0015662800
   0.0008833500   -0.0008895900   -0.0008953200
   0.0003344100   -0.0004837000   -0.0004821900
   0.0002465500    0.0015626600    0.0001876400
   0.0021917400    0.0004990200    0.0010077100
  -0.0151478500    0.0148799200   -0.0145188600
   0.0010423700   -0.0005236600   -0.0008593000
  -0.0004300700    0.0004778900   -0.0003962200
  -0.0002867500    0.0008971300   -0.0012427800
   0.0004398000   -0.0005320600   -0.0016608700
   0.0001235700    0.0003465200   -0.0001287500
  -0.0005199400   -0.0005649500    0.0003574600
  -0.0015162600    0.0026077400    0.0012521000
   0.0005791900    0.0005129600   -0.0001643100
   0.0139099100    0.0138521200   -0.0155495300
   0.0006360000    0.0012345800   -0.0010282300
   0.0000890200    0.0001371900   -0.0006044000
   0.0002163100    0.0000007800   -0.0003346700
  -0.0007716600   -0.0001862200   -0.0014350300
   0.0004458600    0.0004518400    0.0015694400
   0.0001236300    0.0000098200    0.0004839700
  -0.0006288700   -0.0001291800    0.0004834900
   0.0017478200   -0.0022575300    0.0008618100
  -0.0149305200   -0.0147763800    0.0148778400
  -0.0009650300    0.0001840700   -0.0005163200
   0.0002510200   -0.0019229500   -0.0005195900
   0.0021921900    0.0008875300    0.0003690400
   0.0002162800   -0.0002028300    0.0001372200
  -0.0007810500    0.0006670500    0.0019159300
  -0.0001027100   -0.0015849500    0.0019271400
  -0.0006502200   -0.0011875800   -0.0005494100
   0.0013044600    0.0003936500   -0.0001841900
   0.0146012500   -0.0149952500    0.0145271800
  -0.0005401100    0.0002315700   -0.0007043300
  -0.0015312600   -0.0008981800    0.0004891700
  -0.0005486800    0.0003341700    0.0006038800
   0.0011506700    0.0016006100    0.0001871300
   0.0003431500   -0.0006604500    0.0014324000
   0.0015664300    0.0010489000    0.0011867200
   0.0003445300    0.0016969300   -0.0003925300
   0.0015989900   -0.0002346100   -0.0003684200
  -0.0150622200    0.0149991500    0.0147385800
   0.0004781700   -0.0012554000    0.0001954500
   0.0010555500    0.0007989200    0.0009828300
  -0.0016760000    0.0009526200   -0.0000272700
  -0.0015620100    0.0008158000    0.0009475100
  -0.0003657600   -0.0006154100    0.0014756900
  -0.0015828600   -0.0000064100   -0.0001303100
  -0.0003686700    0.0016614200   -0.0004430200
   0.0017373000   -0.0004301600   -0.0006256600
   0.0128464100    0.0144226000    0.0153466700

36   
  0.0000000000000000   0.0000000000000000   0.0100000000000000
   0.0004915000    0.0004914600    0.0002619500
  -0.0004637900   -0.0000992000    0.0006004100
  -0.0000992800   -0.0004637900    0.0006005100
   0.0037406000    0.0037405200    0.0064744400
  -0.0000289100   -0.0000290100   -0.0002262800
  -0.0002189600   -0.0004307000   -0.0005944500
  -0.0004306900   -0.0002188800   -0.0005945200
   0.0001984700    0.0001984900   -0.0007036300
   0.0057733300    0.0057733200    0.0003091400
  -0.0058414500    0.0064619300    0.0006518400
   0.0064618500   -0.0058414600    0.0006519100
  -0.0104214000   -0.0104214800    0.0067113300
  -0.0034286600   -0.0034287000   -0.0002000500
   0.0036517500   -0.0030461300   -0.0005870000
  -0.0030461400    0.0036518000   -0.0005871200
   0.0032471600    0.0032471500   -0.0006685100
   0.0069879300   -0.0006925700    0.0065863000
  -0.0067448400    0.0000474100    0.0069105800
  -0.0035190000    0.0004191200   -0.0028641900
   0.0071170800   -0.0036222300    0.0029560700
   0.0063622400   -0.0000051400   -0.0065667900
  -0.0064649000    0.0003952100   -0.0069494000
  -0.0038343300    0.0001477100    0.0028443700
   0.0037250100   -0.0002712800    0.0027263400
  -0.0006925100    0.0069879700    0.0065861800
   0.0004190600   -0.0035189600   -0.0028642000
   0.0000474500   -0.0067448600    0.0069105700
  -0.0036222900    0.0071170500    0.0029561300
  -0.0000051800    0.0063622100   -0.0065667200
   0.0001477500   -0.0038343700    0.0028444000
   0.0003951900   -0.0064648300   -0.0069493900
  -0.0002712300    0.0037250300    0.0027262800
  -0.0148523600   -0.0148523400   -0.0164778300
  -0.0015643200    0.0005271900    0.0004624000
   0.0005272000   -0.0015642900    0.0004623800
  -0.0002271200   -0.0002271200   -0.0427019800
   0.0005267900    0.0005268100   -0.0013876100
  -0.0004711700   -0.0003422700   -0.0004235800
  -0.0003422800   -0.0004712100   -0.0004235800
  -0.0008909000   -0.0008908800   -0.0003907000
   0.0015655300    0.0008748200   -0.0000833600
   0.0148661500   -0.0152253100   -0.0154641100
   0.0004907900   -0.0018297200   -0.0030401000
  -0.0005520300   -0.0002024500   -0.0021289600
   0.0004745200   -0.0004395300   -0.0003921900
  -0.0005336000    0.0006084900   -0.0014876100
   0.0009004900   -0.0005377000   -0.0006134600
   0.0003343700   -0.0008324600   -0.0001934100
   0.0008747900    0.0015654900   -0.0000833600
  -0.0018297500    0.0004907800   -0.0030400800
  -0.0152253100    0.0148661500   -0.0154641300
  -0.0002024500   -0.0005520100   -0.0021289500
  -0.0004395300    0.0004745300   -0.0003921900
  -0.0005376800    0.0009004800   -0.0006134900
   0.0006084500   -0.0005336000   -0.0014875900
  -0.0008324500    0.0003343500   -0.0001933800
   0.0011806900    0.0011806500   -0.0023945500
   0.0001745600    0.0008645100   -0.0015221600
   0.0008645200    0.0001745500   -0.0015221800
   0.0142265400    0.0142265600   -0.0168508200
   0.0007647700    0.0007648000   -0.0007030300
   0.0002112100    0.0006195100   -0.0002738800
   0.0006195300    0.0002111900   -0.0002738500
  -0.0003940400   -0.0003940600   -0.0013773400
   0.0005187200    0.0005187300    0.0023006500
  -0.0004759800   -0.0003338100    0.0004903900
  -0.0003338400   -0.0004760000    0.0004904100
  -0.0008635200   -0.0008635200    0.0108887600
  -0.0148610400   -0.0148610300    0.0155449800
  -0.0015698300    0.0005174200   -0.0005136600
   0.0005174400   -0.0015698100   -0.0005136700
  -0.0004708700   -0.0004708500    0.0103246100
   0.0008219300   -0.0002109200    0.0007349000
  -0.0008643000    0.0003959800    0.0018252000
  -0.0001340000   -0.0015941800    0.0018969600
   0.0013599500    0.0002232500    0.0014746900
   0.0012221600    0.0006581700   -0.0002672300
   0.0152000000   -0.0150082200    0.0151119800
   0.0015253300   -0.0011908700    0.0013536300
  -0.0015870000   -0.0008653800    0.0004861900
  -0.0002109500    0.0008219200    0.0007349200
  -0.0015941900   -0.0001340200    0.0018969600
   0.0003959800   -0.0008642800    0.0018252100
   0.0002232700    0.0013599500    0.0014746600
   0.0006581800    0.0012221600   -0.0002672600
  -0.0011908700    0.0015253500    0.0013536500
  -0.0150082400    0.0151999900    0.0151120000
  -0.0008654000   -0.0015870000    0.0004861900
   0.0008071800    0.0008071500    0.0007378600
   0.0008240700    0.0000051000    0.0025000700
   0.0000050900    0.0008240600    0.0025000400
  -0.0004357400   -0.0004357100    0.0014073400
   0.0009569000    0.0009569200    0.0023765900
  -0.0006254900    0.0016647400   -0.0006873200
   0.0016647600   -0.0006255100   -0.0006873100
   0.0144415800    0.0144415700    0.0168257800

36   
  0.0000000000000000   0.0000000000000000  -0.0100000000000000
  -0.0004880800   -0.0004881800   -0.0002577000
   0.0004666800    0.0000991900   -0.0005960600
   0.0000991100    0.0004666700   -0.0005959800
  -0.0038812500   -0.0038813400   -0.0065933500
   0.0000319900    0.0000319000    0.0002258700
   0.0002251800    0.0004379100    0.0005962600
   0.0004379100    0.0002252500    0.0005961900
  -0.0001964800   -0.0001964500    0.0007038300
   0.0069126700    0.0069126700   -0.0003044500
  -0.0068509500    0.0062261100   -0.0006471100
   0.0062260500   -0.0068509500   -0.0006470500
  -0.0021188500   -0.0021189100   -0.0068405000
  -0.0034908100   -0.0034908500    0.0001997400
   0.0032589000   -0.0038774800    0.0005882100
  -0.0038774700    0.0032589400    0.0005881100
   0.0036671200    0.0036671300    0.0006684700
   0.0056978100    0.0006946600    0.0060986900
  -0.0059472100   -0.0000478600    0.0057727200
  -0.0033969200   -0.0004158200   -0.0040566800
  -0.0000624000    0.0034848500   -0.0097551400
   0.0063229100    0.0000082000   -0.0061210200
  -0.0062289100   -0.0003882200   -0.0057407100
  -0.0030886300   -0.0001423000    0.0040707300
   0.0031894500    0.0002729000    0.0041893600
   0.0006947100    0.0056978500    0.0060986000
  -0.0004158800   -0.0033968800   -0.0040566700
  -0.0000478200   -0.0059472400    0.0057727300
   0.0034847900   -0.0000624400   -0.0097550800
   0.0000081700    0.0063229000   -0.0061209700
  -0.0001422600   -0.0030886500    0.0040707400
  -0.0003882400   -0.0062288500   -0.0057407000
   0.0002729500    0.0031894600    0.0041893000
  -0.0148844800   -0.0148844700   -0.0132587600
  -0.0015737400    0.0005264200    0.0005907000
   0.0005264300   -0.0015737300    0.0005906700
  -0.0007323900   -0.0007323900    0.0420263500
   0.0005272700    0.0005272900   -0.0017515700
  -0.0004768600   -0.0003514300   -0.0005256200
  -0.0003514400   -0.0004769000   -0.0005256100
  -0.0008969500   -0.0008969400   -0.0013980300
   0.0015711800    0.0001778800    0.0011362400
   0.0148721500   -0.0145111700   -0.0142726200
   0.0004932500    0.0008801500    0.0023459000
  -0.0005356000   -0.0029377500    0.0031821700
   0.0004768500   -0.0002558000   -0.0005569400
  -0.0005237000    0.0004439000   -0.0016514500
   0.0008846900   -0.0012518600   -0.0011753200
   0.0003621300   -0.0001176200   -0.0007556900
   0.0001778600    0.0015711500    0.0011362500
   0.0008801200    0.0004932500    0.0023459100
  -0.0145111700    0.0148721600   -0.0142726500
  -0.0029377500   -0.0005355800    0.0031821800
  -0.0002558000    0.0004768700   -0.0005569300
  -0.0012518500    0.0008846900   -0.0011753500
   0.0004438700   -0.0005237000   -0.0016514300
  -0.0001176100    0.0003621200   -0.0007556700
  -0.0002333500   -0.0002333800    0.0017030500
  -0.0012246600    0.0022729300    0.0025727700
   0.0022729500   -0.0012246700    0.0025727400
   0.0155124500    0.0155124700   -0.0128829000
   0.0010246500    0.0010246800   -0.0010846100
   0.0004843300    0.0003302600   -0.0006764300
   0.0003302800    0.0004843200   -0.0006764200
  -0.0006578900   -0.0006579100   -0.0017602400
   0.0005335600    0.0005335800    0.0008388800
  -0.0004738300   -0.0003615800    0.0004621500
  -0.0003616200   -0.0004738500    0.0004621600
  -0.0009254700   -0.0009254700   -0.0088534500
  -0.0148757300   -0.0148757200    0.0141911900
  -0.0015700400    0.0005354400   -0.0005427200
   0.0005354600   -0.0015700300   -0.0005427300
  -0.0004780400   -0.0004780200   -0.0098825100
   0.0001274900   -0.0004839300    0.0002158800
  -0.0001874500    0.0006594600    0.0013155100
   0.0019224000   -0.0001887000   -0.0001060100
  -0.0006631300   -0.0011765800   -0.0005234200
   0.0019173600    0.0003965400   -0.0007876000
   0.0145372100   -0.0147296000    0.0146227900
  -0.0005766500    0.0002378400   -0.0006615500
   0.0005345900   -0.0022670700   -0.0015413600
  -0.0004839600    0.0001274800    0.0002159000
  -0.0001887200    0.0019223700   -0.0001060000
   0.0006594600   -0.0001874400    0.0013155200
  -0.0011765600   -0.0006631300   -0.0005234500
   0.0003965500    0.0019173600   -0.0007876300
   0.0002378400   -0.0005766400   -0.0006615300
  -0.0147296300    0.0145372100    0.0146228100
  -0.0022670900    0.0005345900   -0.0015413600
   0.0009807400    0.0009807100    0.0010522600
  -0.0001360200    0.0009487400   -0.0015482000
   0.0009487300   -0.0001360200   -0.0015482300
  -0.0006182200   -0.0006182000    0.0017329000
  -0.0000034500   -0.0000034200   -0.0016854400
  -0.0004278200    0.0014734900   -0.0003674000
   0.0014735000   -0.0004278400   -0.0003673800
   0.0152890800    0.0152890700    0.0129089300

40   
  0.0100000000000000   0.0000000000000000   0.0000000000000000
  -0.0002105400   -0.0000041300   -0.0000041700
   0.0002850600    0.0006424600    0.0006424000
  -0.0006059100   -0.0001641400   -0.0003987900
   0.0005857500   -0.0004370200   -0.0000732300
  -0.0006058600   -0.0003988800   -0.0001641000
   0.0005856900   -0.0000732500   -0.0004370000
  -0.0007272400    0.0002348700    0.0002348300
   0.0062650300    0.0034657100    0.0034656800
   0.0061306900    0.0063244100    0.0000348000
  -0.0060453300    0.0069507800   -0.0006463100
   0.0057404700   -0.0065501000    0.0004520700
  -0.0057295500   -0.0068305100    0.0001067500
  -0.0040656300   -0.0038719500    0.0001976200
   0.0040590900   -0.0035528000    0.0004687100
  -0.0041531700    0.0036798600   -0.0002094100
   0.0099104100    0.0071967400   -0.0037228100
   0.0061305900    0.0000343900    0.0063246000
  -0.0060452300   -0.0006463300    0.0069504900
  -0.0040655800    0.0001975900   -0.0038718600
   0.0040590400    0.0004687100   -0.0035528200
   0.0057404300    0.0004520700   -0.0065498100
  -0.0057295700    0.0001071500   -0.0068306300
  -0.0041530900   -0.0002093900    0.0036797900
   0.0099103300   -0.0037227600    0.0071966900
  -0.0002078000    0.0063398300    0.0063399600
   0.0002875200   -0.0041077900   -0.0041078200
  -0.0006089500   -0.0061881200    0.0067261200
   0.0006120500    0.0038916900   -0.0034002300
  -0.0006089300    0.0067263200   -0.0061878800
   0.0006120700   -0.0034002300    0.0038917700
  -0.0007168800   -0.0065892900   -0.0065895400
   0.0063908800   -0.0001561500   -0.0001562000
  -0.0147009300   -0.0148692400   -0.0148691600
  -0.0032289200    0.0005197900    0.0005196800
   0.0005876900   -0.0015604100    0.0005188300
  -0.0005295000   -0.0004731500   -0.0003443200
   0.0005879500    0.0005192800   -0.0015608800
  -0.0005294900   -0.0003438800   -0.0004736100
   0.0001567200   -0.0004714100   -0.0004718200
  -0.0427411300   -0.0007104700   -0.0007108600
   0.0022954700    0.0005243100    0.0005244200
   0.0156044400   -0.0148638200   -0.0148637300
   0.0004808800   -0.0004709300   -0.0003552600
  -0.0005208300   -0.0015618900    0.0005240300
   0.0004808800   -0.0003556900   -0.0004705200
  -0.0005211000    0.0005235600   -0.0015614400
   0.0106683100   -0.0008983700   -0.0008979000
   0.0103412500   -0.0004903500   -0.0004899100
   0.0006060800    0.0015693800    0.0004422200
  -0.0010831500    0.0004784900    0.0000098600
  -0.0147916500    0.0148624100   -0.0147924300
  -0.0021735500   -0.0005234800    0.0001817600
  -0.0000668500    0.0004716900   -0.0001261700
  -0.0035472900    0.0009149000   -0.0022635700
   0.0008073600   -0.0005195400   -0.0019196800
  -0.0031178200    0.0002985400    0.0008881700
   0.0007320400    0.0001347000   -0.0002166600
  -0.0002657000    0.0019158000    0.0006572800
   0.0018300900   -0.0001892100    0.0003890100
   0.0151292900    0.0145331600   -0.0150108400
   0.0018936900    0.0019268400   -0.0016090600
   0.0013503600   -0.0005578700   -0.0011806900
   0.0014702700   -0.0006797700    0.0002349000
   0.0004749000    0.0005083300   -0.0008579500
   0.0006058300    0.0004418400    0.0015698200
  -0.0010831500    0.0000094100    0.0004789200
  -0.0000668600   -0.0001266500    0.0004721300
  -0.0035473100   -0.0022640200    0.0009153500
  -0.0147917000   -0.0147924600    0.0148624400
  -0.0021735600    0.0001815200   -0.0005232800
   0.0008076700   -0.0019201200   -0.0005190600
  -0.0031178000    0.0008877400    0.0002989300
   0.0007320600   -0.0002162400    0.0001343000
  -0.0002654500    0.0006577400    0.0019153400
   0.0018937200   -0.0016086100    0.0019263700
   0.0013503600   -0.0011802600   -0.0005583100
   0.0018300800    0.0003892200   -0.0001894100
   0.0151293200   -0.0150108500    0.0145330700
   0.0014702200    0.0002353300   -0.0006802000
   0.0004746100   -0.0008575300    0.0005079400
  -0.0001554200    0.0003403000    0.0003398700
  -0.0029504000    0.0016056600    0.0016052200
   0.0007186600   -0.0006562100    0.0017025800
  -0.0025214700    0.0010518500   -0.0002203300
   0.0007183900    0.0017030200   -0.0006567200
  -0.0025214700   -0.0002198500    0.0010513800
  -0.0146739200    0.0150033400    0.0150033300
  -0.0036322400   -0.0012369600   -0.0012370900
   0.0029309000    0.0013877300    0.0013881900
   0.0001903100    0.0003856900    0.0003861600
   0.0003111600    0.0002601000    0.0005695800
   0.0014968500   -0.0000442100    0.0010972000
   0.0003111300    0.0005691400    0.0002605400
   0.0014971500    0.0010967700   -0.0000438400
   0.0036146100   -0.0010123400   -0.0010121900
   0.0147121400    0.0149684900    0.0149683800

40   
 -0.0100000000000000   0.0000000000000000   0.0000000000000000
   0.0002107600    0.0000074000    0.0000075900
  -0.0002812200   -0.0006402900   -0.0006403700
   0.0006072000    0.0001690800    0.0004055300
  -0.0005809400    0.0004403500    0.0000724800
   0.0006072800    0.0004054300    0.0001691300
  -0.0005810300    0.0000724800    0.0004404400
   0.0007273700   -0.0002327700   -0.0002328400
  -0.0063807800   -0.0036032800   -0.0036033300
   0.0065580100    0.0063609100   -0.0000306200
  -0.0066475800    0.0057349900    0.0006489600
   0.0069462700   -0.0061444500   -0.0004444200
  -0.0069635300   -0.0058613800   -0.0001076700
  -0.0028524500   -0.0030516900   -0.0001915700
   0.0028524800   -0.0033632900   -0.0004649800
  -0.0027635600    0.0032346400    0.0002116800
  -0.0028782800   -0.0001414000    0.0035838900
   0.0065579400   -0.0000310400    0.0063610900
  -0.0066475000    0.0006489700    0.0057346800
  -0.0028524000   -0.0001915900   -0.0030515800
   0.0028524300   -0.0004649900   -0.0033633000
   0.0069462300   -0.0004444400   -0.0061442000
  -0.0069635000   -0.0001072600   -0.0058615100
  -0.0027634900    0.0002117100    0.0032345800
  -0.0028783400    0.0035839200   -0.0001414400
   0.0002079300    0.0063455300    0.0063456500
  -0.0002831800   -0.0028110100   -0.0028110300
   0.0006108700   -0.0065063100    0.0059544000
  -0.0006070000    0.0030212700   -0.0035155900
   0.0006108400    0.0059545700   -0.0065060500
  -0.0006069600   -0.0035156000    0.0030213700
   0.0007176700   -0.0061008800   -0.0061011500
  -0.0065070000    0.0072121000    0.0072120400
  -0.0150358700   -0.0148676200   -0.0148675300
   0.0000908600    0.0005337700    0.0005336600
   0.0004659900   -0.0015775700    0.0005345400
  -0.0004184500   -0.0004749300   -0.0003503200
   0.0004662500    0.0005349700   -0.0015780400
  -0.0004184400   -0.0003498600   -0.0004753900
  -0.0008505300   -0.0004767100   -0.0004771300
   0.0409537100   -0.0010781200   -0.0010785400
   0.0008422200    0.0005284800    0.0005285900
   0.0141327600   -0.0148729200   -0.0148728500
   0.0004635200   -0.0004789600   -0.0003394000
  -0.0005292600   -0.0015779400    0.0005292800
   0.0004635200   -0.0003398300   -0.0004785300
  -0.0005295300    0.0005288000   -0.0015775100
  -0.0091276100   -0.0008912800   -0.0008908000
  -0.0094009300   -0.0004601200   -0.0004596800
   0.0004466400    0.0015721100    0.0006107700
   0.0001332200    0.0004679100   -0.0007043200
  -0.0149449800    0.0148709000   -0.0149441900
  -0.0009662100   -0.0005283900    0.0008714900
  -0.0006286100    0.0004735700   -0.0008229100
   0.0017576100    0.0009077900    0.0004746500
   0.0002449100   -0.0005318500   -0.0012191700
   0.0021680400    0.0003604100   -0.0018371000
   0.0002161500    0.0008146300   -0.0004763800
  -0.0007852500    0.0012236200    0.0003943700
   0.0013080900   -0.0008630100    0.0006626300
   0.0146089000    0.0152039800   -0.0147243100
  -0.0001063200   -0.0001384400   -0.0001847600
  -0.0006526200    0.0015064400    0.0002363800
  -0.0005226300    0.0013765800   -0.0011791800
  -0.0015249600   -0.0015594400   -0.0022858400
   0.0004463800    0.0006103800    0.0015725500
   0.0001332300   -0.0007047500    0.0004683400
  -0.0006286300   -0.0008233900    0.0004740000
   0.0017576000    0.0004742000    0.0009082500
  -0.0149449800   -0.0149442000    0.0148708700
  -0.0009662200    0.0008712500   -0.0005281900
   0.0002452100   -0.0012196300   -0.0005313700
   0.0021680500   -0.0018375200    0.0003608200
   0.0002161600   -0.0004759600    0.0008142100
  -0.0007850000    0.0003948300    0.0012231700
  -0.0001063000   -0.0001843100   -0.0001389100
  -0.0006526100    0.0002368200    0.0015060000
   0.0013080900    0.0006628400   -0.0008632100
   0.0146089000   -0.0147242900    0.0152039000
  -0.0005226600   -0.0011787500    0.0013761300
  -0.0015252500   -0.0022854200   -0.0015598400
  -0.0005369100    0.0006093900    0.0006089500
   0.0011650000    0.0001813700    0.0001809300
   0.0003340300   -0.0003956400    0.0014361300
   0.0015706400   -0.0003537100    0.0011667300
   0.0003337600    0.0014365800   -0.0003961500
   0.0015706200    0.0011671900   -0.0003541600
  -0.0150613600    0.0147333800    0.0147333400
   0.0004967100    0.0001866600    0.0001865400
  -0.0011457900    0.0004056300    0.0004060800
   0.0005046900    0.0005625200    0.0005629800
   0.0006357000    0.0004335900    0.0003795100
  -0.0025478400   -0.0010149600    0.0020470200
   0.0006356900    0.0003790900    0.0004340200
  -0.0025475400    0.0020465800   -0.0010145700
  -0.0004797100   -0.0000463700   -0.0000462300
   0.0150256000    0.0147679400    0.0147678400
