96   
20   

1    
  0.0100000000000000   0.0000000000000000   0.0000000000000000
  -0.0740161500    0.0000000000   -0.0000000000
   0.0007107000    0.0000000000   -0.0000000000
  -0.0003012200    0.0000000000   -0.0000000000
   0.0022076700    0.0000000000   -0.0000000000
  -0.0003012200    0.0000000000   -0.0000000000
   0.0022076700    0.0000000000   -0.0000000000
   0.0000482700    0.0000000000   -0.0000000000
   0.0003452700    0.0000000000   -0.0000000000
   0.0089207700    0.0097131300   -0.0000000000
  -0.0055827000    0.0047960300   -0.0000000000
   0.0089207700   -0.0097131300   -0.0000000000
  -0.0055827000   -0.0047960300   -0.0000000000
   0.0037417700    0.0041543400   -0.0000000000
  -0.0040321800    0.0036218000   -0.0000000000
   0.0037417700   -0.0041543400   -0.0000000000
  -0.0040321800   -0.0036218000   -0.0000000000
   0.0089207700    0.0000000000    0.0097131300
  -0.0055827000    0.0000000000    0.0047960300
   0.0037417700    0.0000000000    0.0041543400
  -0.0040321800    0.0000000000    0.0036218000
   0.0089207700    0.0000000000   -0.0097131300
  -0.0055827000    0.0000000000   -0.0047960300
   0.0037417700    0.0000000000   -0.0041543400
  -0.0040321800    0.0000000000   -0.0036218000
  -0.0008774600    0.0072476200    0.0072476200
   0.0002495800    0.0038871400    0.0038871400
  -0.0008774600   -0.0072476200    0.0072476200
   0.0002495800   -0.0038871400    0.0038871400
  -0.0008774600    0.0072476200   -0.0072476200
   0.0002495800    0.0038871400   -0.0038871400
  -0.0008774600   -0.0072476200   -0.0072476200
   0.0002495800   -0.0038871400   -0.0038871400
   0.0078652000    0.0075558900    0.0075558900
  -0.0064034000    0.0044417900    0.0044417900
   0.0048725800   -0.0056601600    0.0041663700
  -0.0057957800   -0.0056111900    0.0040428200
   0.0048725800    0.0041663700   -0.0056601600
  -0.0057957800    0.0040428200   -0.0056111900
   0.0036258800   -0.0054730100   -0.0054730100
   0.0029700600    0.0031692000    0.0031692000
   0.0053467600    0.0044676300    0.0044676300
   0.0078845300   -0.0074717000   -0.0074717000
   0.0050274400   -0.0052139900    0.0028385100
  -0.0040392300   -0.0060912000    0.0047423500
   0.0050274400    0.0028385100   -0.0052139900
  -0.0040392300    0.0047423500   -0.0060912000
  -0.0033027200    0.0031027600    0.0031027600
  -0.0032613400   -0.0053502600   -0.0053502600
   0.0048725800    0.0056601600    0.0041663700
  -0.0057957800    0.0056111900    0.0040428200
   0.0078652000   -0.0075558900    0.0075558900
  -0.0064034000   -0.0044417900    0.0044417900
   0.0036258800    0.0054730100   -0.0054730100
   0.0029700600   -0.0031692000    0.0031692000
   0.0048725800   -0.0041663700   -0.0056601600
  -0.0057957800   -0.0040428200   -0.0056111900
   0.0050274400    0.0052139900    0.0028385100
  -0.0040392300    0.0060912000    0.0047423500
   0.0053467600   -0.0044676300    0.0044676300
   0.0078845300    0.0074717000   -0.0074717000
  -0.0033027200   -0.0031027600    0.0031027600
  -0.0032613400    0.0053502600   -0.0053502600
   0.0050274400   -0.0028385100   -0.0052139900
  -0.0040392300   -0.0047423500   -0.0060912000
   0.0048725800    0.0041663700    0.0056601600
  -0.0057957800    0.0040428200    0.0056111900
   0.0036258800   -0.0054730100    0.0054730100
   0.0029700600    0.0031692000   -0.0031692000
   0.0078652000    0.0075558900   -0.0075558900
  -0.0064034000    0.0044417900   -0.0044417900
   0.0048725800   -0.0056601600   -0.0041663700
  -0.0057957800   -0.0056111900   -0.0040428200
   0.0050274400    0.0028385100    0.0052139900
  -0.0040392300    0.0047423500    0.0060912000
  -0.0033027200    0.0031027600   -0.0031027600
  -0.0032613400   -0.0053502600    0.0053502600
   0.0053467600    0.0044676300   -0.0044676300
   0.0078845300   -0.0074717000    0.0074717000
   0.0050274400   -0.0052139900   -0.0028385100
  -0.0040392300   -0.0060912000   -0.0047423500
   0.0036258800    0.0054730100    0.0054730100
   0.0029700600   -0.0031692000   -0.0031692000
   0.0048725800   -0.0041663700    0.0056601600
  -0.0057957800   -0.0040428200    0.0056111900
   0.0048725800    0.0056601600   -0.0041663700
  -0.0057957800    0.0056111900   -0.0040428200
   0.0078652000   -0.0075558900   -0.0075558900
  -0.0064034000   -0.0044417900   -0.0044417900
  -0.0033027200   -0.0031027600   -0.0031027600
  -0.0032613400    0.0053502600    0.0053502600
   0.0050274400   -0.0028385100    0.0052139900
  -0.0040392300   -0.0047423500    0.0060912000
   0.0050274400    0.0052139900   -0.0028385100
  -0.0040392300    0.0060912000   -0.0047423500
   0.0053467600   -0.0044676300   -0.0044676300
   0.0078845300    0.0074717000    0.0074717000

2    
  0.0070710678118655   0.0070710678118655   0.0000000000000000
   0.0005046500   -0.0002098400   -0.0000000000
  -0.0460192800   -0.0463687400   -0.0000000000
   0.0015883300    0.0015882900   -0.0000000000
  -0.0002467800    0.0005910400   -0.0000000000
   0.0015883600    0.0000038000   -0.0000000000
  -0.0002468000   -0.0002531200   -0.0000000000
   0.0002585000    0.0002529500   -0.0000000000
  -0.0000080600    0.0016032100   -0.0000000000
   0.0066969600    0.0067166100   -0.0000000000
  -0.0040752900    0.0103844300   -0.0000000000
   0.0104109000   -0.0041331700   -0.0000000000
  -0.0078037400   -0.0077862800   -0.0000000000
   0.0035761700    0.0035658100   -0.0000000000
  -0.0037682600    0.0040058900   -0.0000000000
   0.0040069900   -0.0037687500   -0.0000000000
  -0.0041983500   -0.0042095600   -0.0000000000
   0.0085590200   -0.0006783300    0.0054215500
  -0.0059445400   -0.0006796300    0.0090820700
   0.0037921500    0.0002423000    0.0036676600
  -0.0039838700    0.0002418600    0.0041080900
   0.0085590200   -0.0006783300   -0.0054215500
  -0.0059445400   -0.0006796300   -0.0090820700
   0.0037921500    0.0002423000   -0.0036676600
  -0.0039838700    0.0002418600   -0.0041080900
   0.0002335100    0.0071530600    0.0074624700
  -0.0006701900    0.0052011800    0.0057473600
   0.0002339700   -0.0073476300    0.0070399700
  -0.0006688700   -0.0025722600    0.0020297900
   0.0002335100    0.0071530600   -0.0074624700
  -0.0006701900    0.0052011800   -0.0057473600
   0.0002339700   -0.0073476300   -0.0070399700
  -0.0006688700   -0.0025722600   -0.0020297900
  -0.0003049000    0.0002724800   -0.0002953200
   0.0023017400    0.0126724900    0.0112627900
   0.0039311900   -0.0063734100    0.0054018600
  -0.0050958700   -0.0056697900    0.0031963500
   0.0040731200    0.0050729700   -0.0061049400
  -0.0053061000    0.0035424800   -0.0050590900
   0.0033332000   -0.0055151500   -0.0053554500
   0.0037657400    0.0027610800    0.0028964800
   0.0073442400    0.0058915900    0.0044422200
  -0.0005573100    0.0002928200   -0.0002754300
   0.0057634700   -0.0060162600    0.0036530000
  -0.0045935000   -0.0060141100    0.0044606300
   0.0059736300    0.0039996600   -0.0054059300
  -0.0047341900    0.0041308600   -0.0057461800
  -0.0034636800    0.0028606300    0.0029967700
  -0.0036059900   -0.0055708300   -0.0054118400
   0.0043163400    0.0057362800    0.0044479300
  -0.0050584700    0.0048070100    0.0032276600
  -0.0006545000    0.0003885300    0.0001767000
  -0.0044446400   -0.0029795300    0.0044205000
   0.0032770200    0.0052517300   -0.0054118200
   0.0028105300   -0.0034110300    0.0032747700
   0.0041750300   -0.0047809900   -0.0060048600
  -0.0048488100   -0.0028835100   -0.0054185800
   0.0057264600    0.0051532900    0.0036848400
  -0.0049771900    0.0053785300    0.0035052400
   0.0137562600    0.0034645700   -0.0019859400
  -0.0002079900    0.0003685600    0.0001971500
  -0.0025087600   -0.0035116000    0.0033746100
  -0.0035491300    0.0053080800   -0.0054674600
   0.0055168900   -0.0033401500   -0.0057645000
  -0.0048371600   -0.0038391500   -0.0056465400
   0.0040731200    0.0050729700    0.0061049400
  -0.0053061000    0.0035424800    0.0050590900
   0.0033332000   -0.0055151500    0.0053554500
   0.0037657400    0.0027610800   -0.0028964800
  -0.0003049000    0.0002724800    0.0002953200
   0.0023017400    0.0126724900   -0.0112627900
   0.0039311900   -0.0063734100   -0.0054018600
  -0.0050958700   -0.0056697900   -0.0031963500
   0.0059736300    0.0039996600    0.0054059300
  -0.0047341900    0.0041308600    0.0057461800
  -0.0034636800    0.0028606300   -0.0029967700
  -0.0036059900   -0.0055708300    0.0054118400
   0.0073442400    0.0058915900   -0.0044422200
  -0.0005573100    0.0002928200    0.0002754300
   0.0057634700   -0.0060162600   -0.0036530000
  -0.0045935000   -0.0060141100   -0.0044606300
   0.0032770200    0.0052517300    0.0054118200
   0.0028105300   -0.0034110300   -0.0032747700
   0.0041750300   -0.0047809900    0.0060048600
  -0.0048488100   -0.0028835100    0.0054185800
   0.0043163400    0.0057362800   -0.0044479300
  -0.0050584700    0.0048070100   -0.0032276600
  -0.0006545000    0.0003885300   -0.0001767000
  -0.0044446400   -0.0029795300   -0.0044205000
  -0.0025087600   -0.0035116000   -0.0033746100
  -0.0035491300    0.0053080800    0.0054674600
   0.0055168900   -0.0033401500    0.0057645000
  -0.0048371600   -0.0038391500    0.0056465400
   0.0057264600    0.0051532900   -0.0036848400
  -0.0049771900    0.0053785300   -0.0035052400
   0.0137562600    0.0034645700    0.0019859400
  -0.0002079900    0.0003685600   -0.0001971500

4    
  0.0070710678118655   0.0000000000000000   0.0070710678118655
   0.0015618300   -0.0000000000    0.0000350000
  -0.0002468200   -0.0000000000   -0.0002530900
   0.0005910600   -0.0000000000   -0.0002531000
  -0.0467578900   -0.0000000000   -0.0462609000
   0.0002529700   -0.0000000000    0.0002584700
   0.0000322700   -0.0000000000    0.0016123900
   0.0016123600   -0.0000000000    0.0016123600
  -0.0002300700   -0.0000000000    0.0006228500
   0.0085250100    0.0091492300   -0.0007871000
  -0.0059787100    0.0053504200   -0.0007895300
   0.0085250100   -0.0091492300   -0.0007871000
  -0.0059787100   -0.0053504200   -0.0007895300
   0.0037850000    0.0040999900    0.0002311500
  -0.0039907500    0.0036741300    0.0002307000
   0.0037850000   -0.0040999900    0.0002311500
  -0.0039907500   -0.0036741300    0.0002307000
   0.0069405400   -0.0000000000    0.0069694000
  -0.0071398200   -0.0000000000    0.0073515600
   0.0033059500   -0.0000000000    0.0033755700
  -0.0007200600   -0.0000000000    0.0070828700
   0.0073619200   -0.0000000000   -0.0071491300
  -0.0075601100   -0.0000000000   -0.0075325000
   0.0070389000   -0.0000000000   -0.0007081600
  -0.0044674800   -0.0000000000   -0.0044002300
   0.0002354700    0.0070399800    0.0071599600
  -0.0006570400    0.0020160700    0.0052243500
   0.0002354700   -0.0070399800    0.0071599600
  -0.0006570400   -0.0020160700    0.0052243500
   0.0002361200    0.0074608100   -0.0073402900
  -0.0006557200    0.0057563000   -0.0025492600
   0.0002361200   -0.0074608100   -0.0073402900
  -0.0006557200   -0.0057563000   -0.0025492600
  -0.0004082900   -0.0002644700    0.0005578600
  -0.0057801800    0.0048122900    0.0045559400
   0.0041986400   -0.0061311600    0.0047767700
   0.0028652700    0.0014394700    0.0117250300
   0.0043539100    0.0045086900   -0.0059808000
  -0.0047872900    0.0032080500   -0.0057884200
   0.0029312000   -0.0044628400   -0.0059307400
   0.0034495100    0.0028930600    0.0028724700
   0.0064449400    0.0044423600    0.0050271300
  -0.0002022400    0.0000574000   -0.0003379800
   0.0069318000   -0.0054734400    0.0048203900
  -0.0050568700   -0.0060959000    0.0048068700
   0.0050718400    0.0033017900   -0.0056943300
  -0.0046127900    0.0044575400   -0.0060376700
  -0.0027949900    0.0033490100    0.0025167100
  -0.0035788500   -0.0054002900   -0.0055528100
   0.0041986400    0.0061311600    0.0047767700
   0.0028652700   -0.0014394700    0.0117250300
  -0.0004082900    0.0002644700    0.0005578600
  -0.0057801800   -0.0048122900    0.0045559400
   0.0029312000    0.0044628400   -0.0059307400
   0.0034495100   -0.0028930600    0.0028724700
   0.0043539100   -0.0045086900   -0.0059808000
  -0.0047872900   -0.0032080500   -0.0057884200
   0.0069318000    0.0054734400    0.0048203900
  -0.0050568700    0.0060959000    0.0048068700
   0.0064449400   -0.0044423600    0.0050271300
  -0.0002022400   -0.0000574000   -0.0003379800
  -0.0027949900   -0.0033490100    0.0025167100
  -0.0035788500    0.0054002900   -0.0055528100
   0.0050718400   -0.0033017900   -0.0056943300
  -0.0046127900   -0.0044575400   -0.0060376700
   0.0042976300    0.0044516400    0.0057122800
  -0.0057498500    0.0035800400    0.0051295900
   0.0033036100   -0.0054243400    0.0052705700
   0.0034782800    0.0029212900   -0.0037554100
  -0.0002991800   -0.0001547600   -0.0002442600
  -0.0053050100    0.0044661200   -0.0038836600
   0.0038527300   -0.0056567000   -0.0041045500
  -0.0039318500   -0.0053974400   -0.0020249500
   0.0060340200    0.0036732900    0.0050342800
  -0.0045557700    0.0044012700    0.0057698700
  -0.0028232700    0.0033778800   -0.0033997100
  -0.0039499000   -0.0063634800    0.0048941300
   0.0059705000    0.0040969500   -0.0043544800
  -0.0003124100    0.0001669800    0.0006514300
   0.0133889300   -0.0118928300    0.0045409700
  -0.0047112200   -0.0056207700   -0.0041341900
   0.0033036100    0.0054243400    0.0052705700
   0.0034782800   -0.0029212900   -0.0037554100
   0.0042976300   -0.0044516400    0.0057122800
  -0.0057498500   -0.0035800400    0.0051295900
   0.0038527300    0.0056567000   -0.0041045500
  -0.0039318500    0.0053974400   -0.0020249500
  -0.0002991800    0.0001547600   -0.0002442600
  -0.0053050100   -0.0044661200   -0.0038836600
  -0.0028232700   -0.0033778800   -0.0033997100
  -0.0039499000    0.0063634800    0.0048941300
   0.0060340200   -0.0036732900    0.0050342800
  -0.0045557700   -0.0044012700    0.0057698700
   0.0133889300    0.0118928300    0.0045409700
  -0.0047112200    0.0056207700   -0.0041341900
   0.0059705000   -0.0040969500   -0.0043544800
  -0.0003124100   -0.0001669800    0.0006514300

8    
  0.0100000000000000   0.0000000000000000   0.0000000000000000
   0.0003460700   -0.0000000000   -0.0000000000
  -0.0000114100   -0.0000000000   -0.0000000000
   0.0022673100   -0.0000000000   -0.0000000000
  -0.0003253300   -0.0000000000   -0.0000000000
   0.0022673100   -0.0000000000   -0.0000000000
  -0.0003253300   -0.0000000000   -0.0000000000
   0.0008808700   -0.0000000000   -0.0000000000
  -0.0641299200   -0.0000000000   -0.0000000000
   0.0070990000    0.0075595500   -0.0000000000
  -0.0074043900    0.0069402900   -0.0000000000
   0.0070990000   -0.0075595500   -0.0000000000
  -0.0074043900   -0.0069402900   -0.0000000000
   0.0057455000    0.0065002200   -0.0000000000
  -0.0020247900    0.0012628100   -0.0000000000
   0.0057455000   -0.0065002200   -0.0000000000
  -0.0020247900   -0.0012628100   -0.0000000000
   0.0070990000   -0.0000000000    0.0075595500
  -0.0074043900   -0.0000000000    0.0069402900
   0.0057455000   -0.0000000000    0.0065002200
  -0.0020247900   -0.0000000000    0.0012628100
   0.0070990000   -0.0000000000   -0.0075595500
  -0.0074043900   -0.0000000000   -0.0069402900
   0.0057455000   -0.0000000000   -0.0065002200
  -0.0020247900   -0.0000000000   -0.0012628100
   0.0003362700    0.0072509700    0.0072509700
  -0.0009483700    0.0038916900    0.0038916900
   0.0003362700   -0.0072509700    0.0072509700
  -0.0009483700   -0.0038916900    0.0038916900
   0.0003362700    0.0072509700   -0.0072509700
  -0.0009483700    0.0038916900   -0.0038916900
   0.0003362700   -0.0072509700   -0.0072509700
  -0.0009483700   -0.0038916900   -0.0038916900
  -0.0002365500   -0.0000101200   -0.0000101200
  -0.0056646100    0.0043866300    0.0043866300
   0.0039989800   -0.0052033400    0.0041921300
  -0.0049458400   -0.0057308000    0.0036878300
   0.0039989800    0.0041921300   -0.0052033400
  -0.0049458400    0.0036878300   -0.0057308000
   0.0028240300   -0.0054330400   -0.0054330400
   0.0097447600    0.0076989600    0.0076989600
   0.0060792200    0.0045231200    0.0045231200
  -0.0001402000   -0.0000869500   -0.0000869500
   0.0058743100   -0.0050944200    0.0031936700
  -0.0049109000   -0.0065490900    0.0047159800
   0.0058743100    0.0031936700   -0.0050944200
  -0.0049109000    0.0047159800   -0.0065490900
   0.0033739500   -0.0012700200   -0.0012700200
  -0.0040592900   -0.0053911100   -0.0053911100
   0.0039989800    0.0052033400    0.0041921300
  -0.0049458400    0.0057308000    0.0036878300
  -0.0002365500    0.0000101200   -0.0000101200
  -0.0056646100   -0.0043866300    0.0043866300
   0.0028240300    0.0054330400   -0.0054330400
   0.0097447600   -0.0076989600    0.0076989600
   0.0039989800   -0.0041921300   -0.0052033400
  -0.0049458400   -0.0036878300   -0.0057308000
   0.0058743100    0.0050944200    0.0031936700
  -0.0049109000    0.0065490900    0.0047159800
   0.0060792200   -0.0045231200    0.0045231200
  -0.0001402000    0.0000869500   -0.0000869500
   0.0033739500    0.0012700200   -0.0012700200
  -0.0040592900    0.0053911100   -0.0053911100
   0.0058743100   -0.0031936700   -0.0050944200
  -0.0049109000   -0.0047159800   -0.0065490900
   0.0039989800    0.0041921300    0.0052033400
  -0.0049458400    0.0036878300    0.0057308000
   0.0028240300   -0.0054330400    0.0054330400
   0.0097447600    0.0076989600   -0.0076989600
  -0.0002365500   -0.0000101200    0.0000101200
  -0.0056646100    0.0043866300   -0.0043866300
   0.0039989800   -0.0052033400   -0.0041921300
  -0.0049458400   -0.0057308000   -0.0036878300
   0.0058743100    0.0031936700    0.0050944200
  -0.0049109000    0.0047159800    0.0065490900
   0.0033739500   -0.0012700200    0.0012700200
  -0.0040592900   -0.0053911100    0.0053911100
   0.0060792200    0.0045231200   -0.0045231200
  -0.0001402000   -0.0000869500    0.0000869500
   0.0058743100   -0.0050944200   -0.0031936700
  -0.0049109000   -0.0065490900   -0.0047159800
   0.0028240300    0.0054330400    0.0054330400
   0.0097447600   -0.0076989600   -0.0076989600
   0.0039989800   -0.0041921300    0.0052033400
  -0.0049458400   -0.0036878300    0.0057308000
   0.0039989800    0.0052033400   -0.0041921300
  -0.0049458400    0.0057308000   -0.0036878300
  -0.0002365500    0.0000101200    0.0000101200
  -0.0056646100   -0.0043866300   -0.0043866300
   0.0033739500    0.0012700200    0.0012700200
  -0.0040592900    0.0053911100    0.0053911100
   0.0058743100   -0.0031936700    0.0050944200
  -0.0049109000   -0.0047159800    0.0065490900
   0.0058743100    0.0050944200   -0.0031936700
  -0.0049109000    0.0065490900   -0.0047159800
   0.0060792200   -0.0045231200   -0.0045231200
  -0.0001402000    0.0000869500    0.0000869500

9    
  0.0070710678118655   0.0000000000000000   0.0070710678118655
   0.0011821800    0.0017373900   -0.0006188800
   0.0013064300   -0.0018616800   -0.0006795900
   0.0012960600   -0.0018292600   -0.0006780900
   0.0012706000    0.0018986900   -0.0007891300
  -0.0000967900    0.0002108000    0.0002339000
  -0.0000997400   -0.0002108800    0.0002355700
  -0.0000897800   -0.0001911100    0.0002359200
  -0.0001083300    0.0002192200    0.0002373700
  -0.0386704000    0.0059414800   -0.0465893300
  -0.0066577100    0.0072589400   -0.0002473700
   0.0070147000   -0.0072588800   -0.0002473000
  -0.0056044900   -0.0072225200    0.0000286400
   0.0036564000    0.0038891200    0.0006208400
  -0.0023090000    0.0038805000    0.0016468800
   0.0038902400   -0.0039259300    0.0016467200
  -0.0036273000   -0.0038909700    0.0002690100
   0.0065481100   -0.0019111700    0.0085496900
  -0.0070050400   -0.0002366200    0.0071400600
   0.0032097900    0.0018874600    0.0052085200
  -0.0036575800    0.0002183400    0.0037758700
   0.0066274800    0.0018310400   -0.0060050300
  -0.0070242300    0.0002160600   -0.0073709000
   0.0032634800   -0.0019205000   -0.0024714900
  -0.0036500700   -0.0002152400   -0.0039864000
  -0.0005988900    0.0072392200    0.0067301800
   0.0031882000    0.0038722400    0.0071071100
  -0.0003419000   -0.0072462700    0.0069105200
   0.0001150500   -0.0038979900    0.0039953400
   0.0031348000    0.0073170400   -0.0041936700
  -0.0006278600    0.0039247900   -0.0043610600
   0.0001112000   -0.0072657200   -0.0071408500
  -0.0003182200   -0.0038909000   -0.0042060700
   0.0013279800   -0.0001319300    0.0013115900
  -0.0064966700    0.0046718400    0.0048030700
   0.0050190200   -0.0058801700    0.0050217100
  -0.0056775100   -0.0055268500    0.0031439300
   0.0048081200    0.0042521400   -0.0064791000
  -0.0055345000    0.0034106100   -0.0055666600
   0.0030833100   -0.0052549900   -0.0057015400
   0.0029739100    0.0031411200    0.0029762900
   0.0135183300   -0.0018781900    0.0121848500
  -0.0001971400    0.0001908400    0.0002735200
   0.0055121300   -0.0057566600    0.0035477100
  -0.0048271100   -0.0056482800    0.0050718100
   0.0057021800    0.0036671500   -0.0056734300
  -0.0049708700    0.0035232900   -0.0063844100
  -0.0024857300    0.0033944400    0.0027577500
  -0.0035454800   -0.0054684200   -0.0055157400
   0.0060173800    0.0057503400    0.0059131700
  -0.0060145400    0.0051850300    0.0037969300
   0.0005054900    0.0000537800    0.0005233700
  -0.0061507400   -0.0043122800    0.0041308800
   0.0037639000    0.0055977900   -0.0060302200
   0.0030099700   -0.0031132000    0.0029894900
   0.0041421100   -0.0045911200   -0.0061485300
  -0.0055780900   -0.0034389300   -0.0055731200
   0.0141165700    0.0126562400    0.0121235100
  -0.0047019900    0.0056240400    0.0047783800
   0.0059739400   -0.0040913700    0.0045600600
  -0.0002970800   -0.0001560400    0.0005604900
  -0.0028210100   -0.0033918700    0.0028675500
  -0.0039440800    0.0063381800   -0.0059150800
   0.0060209700   -0.0036687900   -0.0057767800
  -0.0045637900   -0.0043980600   -0.0059822000
   0.0047616500    0.0042049200    0.0056094300
  -0.0059312200    0.0044073600    0.0048995100
   0.0040785700   -0.0056519100    0.0050331600
   0.0030278000    0.0031942400   -0.0032456500
   0.0081569600    0.0066581400    0.0088250400
  -0.0061227200    0.0042006100   -0.0041265800
   0.0045484900   -0.0055067500   -0.0043452900
  -0.0057924700   -0.0056410100   -0.0028424800
   0.0057586400    0.0036575600    0.0047950700
  -0.0045840500    0.0044678900    0.0057373700
  -0.0034728300    0.0029988400   -0.0034163000
  -0.0036024400   -0.0054077400    0.0052474200
   0.0073494100    0.0044034500   -0.0029557000
  -0.0005762400   -0.0002711800    0.0003995200
   0.0059903700   -0.0054028800   -0.0028702800
  -0.0047292200   -0.0057460100   -0.0047787400
   0.0037540900    0.0056541900    0.0051521000
   0.0026151400   -0.0041013800   -0.0036478600
   0.0050878000   -0.0042051100    0.0055014600
  -0.0055173800   -0.0034958700    0.0053055400
   0.0119346800   -0.0000612700    0.0029919700
  -0.0056611000    0.0056633300   -0.0031188500
   0.0000433300   -0.0003249000    0.0001504700
  -0.0062487500   -0.0042141300   -0.0038382000
  -0.0027840100   -0.0033558300   -0.0037535300
  -0.0035697000    0.0053899300    0.0052649700
   0.0050713200   -0.0032948000    0.0051277900
  -0.0046164900   -0.0044515000    0.0057161200
   0.0068455400    0.0053457200   -0.0021069900
  -0.0050668500    0.0060795500   -0.0041190900
   0.0064302300   -0.0044567500   -0.0039006900
  -0.0001949500   -0.0000531200   -0.0002669800

9    
 -0.0070710678118655   0.0000000000000000  -0.0070710678118655
  -0.0011803000   -0.0017388600    0.0006200900
  -0.0013080900    0.0018595800    0.0006784000
  -0.0012949300    0.0018312800    0.0006799100
  -0.0012757900   -0.0019000800    0.0007875900
   0.0000976500   -0.0002116800   -0.0002334500
   0.0000988800    0.0002099700   -0.0002359400
   0.0000904600    0.0001916700   -0.0002356000
   0.0001075500   -0.0002186400   -0.0002380600
   0.0531789400    0.0085575400    0.0466228200
  -0.0078441400    0.0072429000    0.0002473800
   0.0074871800   -0.0072427900    0.0002474500
  -0.0088976900   -0.0072796000   -0.0000289600
   0.0041184900    0.0038856800   -0.0006211600
  -0.0054656500    0.0038944000   -0.0016473800
   0.0038847300   -0.0038481500   -0.0016476000
  -0.0041476400   -0.0038839700   -0.0002690800
   0.0079520600    0.0019087300    0.0059502700
  -0.0074968800    0.0002359300    0.0073601700
   0.0045641200   -0.0018854800    0.0025638500
  -0.0041181700   -0.0002173900    0.0039976700
   0.0078754700   -0.0018328700   -0.0084947000
  -0.0074765300   -0.0002168900   -0.0071296200
   0.0045129400    0.0019258900   -0.0053047100
  -0.0041245600    0.0002164200   -0.0037873700
   0.0005983000    0.0072623400    0.0077719700
  -0.0031722600    0.0039025700    0.0006836200
   0.0003413700   -0.0072554400    0.0075912800
  -0.0001148400   -0.0038772500    0.0037790400
  -0.0031517400    0.0071842100   -0.0103244400
   0.0006308700    0.0038502400   -0.0034152900
  -0.0001110300   -0.0072353400   -0.0073602000
   0.0003192900   -0.0038840500   -0.0035689400
  -0.0013848700    0.0000837900   -0.0014513100
  -0.0052529700    0.0042404400    0.0041079700
   0.0038907300   -0.0058682200    0.0038888300
  -0.0051440600   -0.0052945300    0.0037427400
   0.0041009500    0.0046601200   -0.0052714100
  -0.0052879100    0.0034743500   -0.0052560900
   0.0037995200   -0.0055671900   -0.0051216500
   0.0032982600    0.0031321900    0.0032964000
  -0.0014858600    0.0104351200   -0.0029887100
   0.0002925800   -0.0002857500   -0.0003691900
   0.0053098600   -0.0050646800    0.0033354600
  -0.0040824200   -0.0061007100    0.0038405900
   0.0051211800    0.0032175400   -0.0051496100
  -0.0039407100    0.0053901000   -0.0053673900
  -0.0037861500    0.0028790700    0.0035152900
  -0.0033377600   -0.0053541600   -0.0053074900
   0.0029307400    0.0059545800    0.0029607700
  -0.0048072300    0.0056349700    0.0030873100
  -0.0006019800    0.0000403900   -0.0006189100
  -0.0055987900   -0.0045985900    0.0047812300
   0.0031186800    0.0052232700   -0.0047924500
   0.0032627200   -0.0031612700    0.0032828600
   0.0047662400   -0.0043200100   -0.0056026200
  -0.0052448800   -0.0034448800   -0.0052493200
  -0.0029857200   -0.0014529100   -0.0049260200
  -0.0042082800    0.0061246700    0.0041320800
   0.0057759000   -0.0048194600    0.0043499500
   0.0003938400    0.0002510500   -0.0006535700
  -0.0034512900   -0.0028816800    0.0034052100
  -0.0029404500    0.0044812300   -0.0049095500
   0.0048038400   -0.0032157200   -0.0050460500
  -0.0043465200   -0.0045120600   -0.0057682700
   0.0041482100    0.0047066700    0.0061409900
  -0.0048896500    0.0024786000    0.0059253600
   0.0028022400   -0.0051691000    0.0057897200
   0.0032450800    0.0030782300   -0.0030263700
  -0.0085583900   -0.0071307400   -0.0090578800
  -0.0056272900    0.0047113900   -0.0047842500
   0.0043623900   -0.0062430900   -0.0045652000
  -0.0050302300   -0.0051798900   -0.0040443000
   0.0050648700    0.0032275600    0.0060280800
  -0.0043263000    0.0044436700    0.0060132200
  -0.0027977600    0.0032747600   -0.0028551300
  -0.0032800400   -0.0054141700    0.0055751300
   0.0043634400    0.0045536700   -0.0059185700
   0.0006722900    0.0001774100   -0.0003046200
   0.0048317700   -0.0054180800   -0.0040140900
  -0.0041813800   -0.0060034300   -0.0041332000
   0.0031284500    0.0051668600    0.0056711600
   0.0036591600   -0.0021740100   -0.0026225500
   0.0038208500   -0.0047064500    0.0062484400
  -0.0053048600   -0.0033871300    0.0055177000
  -0.0033131900    0.0121632000   -0.0121921500
  -0.0051609500    0.0051569700   -0.0037652800
  -0.0001389300    0.0004205500   -0.0000541300
  -0.0055018000   -0.0046972900   -0.0050742300
  -0.0034874700   -0.0029188600   -0.0025182600
  -0.0033135400    0.0054313300    0.0055581400
   0.0057525800   -0.0035892300    0.0056957900
  -0.0042931300   -0.0044593900    0.0060337500
   0.0039313100    0.0054267100   -0.0047416400
  -0.0038434300    0.0056684000   -0.0047920900
   0.0053203800   -0.0044551000   -0.0050099100
   0.0002900700    0.0001480500    0.0003602300

13   
  0.0070710678118655   0.0000000000000000   0.0070710678118655
  -0.0001013900    0.0001879000    0.0001779500
  -0.0000964300   -0.0002155900    0.0002418400
  -0.0001011000   -0.0002198500    0.0002423100
  -0.0001033800    0.0002133100    0.0002306600
   0.0013153700    0.0018577900   -0.0006689100
   0.0012884700   -0.0018710100   -0.0006570000
   0.0013385400   -0.0018489600   -0.0006558200
   0.0013146800    0.0018527700   -0.0006713300
   0.0070198000    0.0072526100    0.0006211700
  -0.0056727600    0.0072896700    0.0016469700
   0.0072535300   -0.0072440600    0.0016472500
  -0.0069907400   -0.0072543600    0.0002689000
  -0.0417548900    0.0035112200   -0.0453440900
  -0.0032830000    0.0038876000   -0.0002388800
   0.0036436000   -0.0038876200   -0.0002389000
  -0.0022810600   -0.0038808100    0.0000026500
   0.0065818200    0.0018781600    0.0085384200
  -0.0070179200    0.0002199400    0.0071561700
   0.0032105800   -0.0018443900    0.0051819000
  -0.0036449400   -0.0002202300    0.0037840600
   0.0066174600   -0.0019318500   -0.0059874800
  -0.0070162700   -0.0002137100   -0.0073601800
   0.0031994300    0.0018558800   -0.0025844800
  -0.0036507700    0.0002156000   -0.0039896100
   0.0032666600    0.0071853200    0.0103610700
  -0.0005509700    0.0038870500    0.0033351500
   0.0001118500   -0.0072461800    0.0073622600
  -0.0003204700   -0.0038836400    0.0035685300
  -0.0005356600    0.0072220100   -0.0078171800
   0.0031564700    0.0038773000   -0.0007307300
  -0.0003222200   -0.0072441600   -0.0075659800
   0.0001149900   -0.0038890500   -0.0037744600
   0.0002797800   -0.0002351100   -0.0006523100
  -0.0060181600    0.0044571500    0.0043145400
   0.0041389800   -0.0057410000    0.0041784200
  -0.0055710900   -0.0054111500    0.0032757900
   0.0059211100    0.0044971000   -0.0044301200
  -0.0060208000    0.0036528500   -0.0050657900
   0.0039982100   -0.0054086200   -0.0048572500
   0.0028603800    0.0030005600    0.0028128800
   0.0061824900    0.0047011600    0.0042033800
  -0.0004649000   -0.0009953300   -0.0005409900
   0.0060263300   -0.0051754300    0.0030634300
  -0.0045637500   -0.0059308600    0.0043450900
   0.0133138900   -0.0030564500    0.0024710600
  -0.0047134200    0.0047005000   -0.0055591300
  -0.0030359300    0.0027846800    0.0032384400
  -0.0038113200   -0.0051727600   -0.0047848600
   0.0048027700    0.0060738500    0.0038529200
  -0.0055452100    0.0054054900    0.0032946000
  -0.0003778300   -0.0000962600   -0.0003239100
  -0.0060381400   -0.0044528600    0.0042914900
   0.0049599900    0.0053701300   -0.0039709200
   0.0025269900   -0.0033481300    0.0034822700
   0.0050259000   -0.0044579900   -0.0053141500
  -0.0056926400   -0.0033059400   -0.0057395700
   0.0057248400    0.0051667900    0.0031835600
  -0.0049770400    0.0068292900    0.0039224600
   0.0064916500   -0.0046946800    0.0040704500
  -0.0000540400    0.0000996800   -0.0001563700
   0.0048939600    0.0034973700    0.0111877300
  -0.0037030300    0.0051651000   -0.0050938300
   0.0055060800   -0.0030726500   -0.0053047600
  -0.0048314000   -0.0046922200   -0.0052536400
   0.0123576100    0.0108957800    0.0137041500
  -0.0056695200    0.0032026200    0.0057237100
   0.0035484600   -0.0050576800    0.0055153000
   0.0027592700    0.0029001800   -0.0025096100
   0.0002530300   -0.0002621500   -0.0002063400
  -0.0063793200    0.0053965400   -0.0049635100
   0.0050775700   -0.0061027100   -0.0048286800
  -0.0055165900   -0.0053573400   -0.0035494900
   0.0068762300    0.0034406600    0.0068818600
  -0.0050675600    0.0042322800    0.0062194200
  -0.0025790900    0.0031354200   -0.0025757700
  -0.0037193600   -0.0052689800    0.0050806900
   0.0062298200    0.0046769400   -0.0050630000
  -0.0000849200   -0.0000568100   -0.0001033900
   0.0050877900   -0.0055454600   -0.0037182600
  -0.0046210900   -0.0058746900   -0.0046160200
   0.0110899000   -0.0007028800    0.0129978200
   0.0028772100   -0.0028913000   -0.0028191700
   0.0045576000   -0.0048116400    0.0059749700
  -0.0057891000   -0.0032137300    0.0060350900
   0.0047785300    0.0061212700   -0.0047126800
  -0.0059142300    0.0044664300   -0.0039491700
   0.0005614000    0.0002827300   -0.0003202100
  -0.0059820100   -0.0045101800   -0.0045617400
  -0.0017220300   -0.0031580800   -0.0016516300
  -0.0040735600    0.0056337000    0.0057648900
   0.0059753000   -0.0034436700    0.0059758500
  -0.0047327100   -0.0045927700    0.0055498600
   0.0057534100    0.0051949800   -0.0040489000
  -0.0046001800    0.0058846300   -0.0045934100
   0.0055459200   -0.0043183500   -0.0047402800
  -0.0001017300    0.0000513200   -0.0001155000

13   
 -0.0070710678118655   0.0000000000000000  -0.0070710678118655
   0.0001021800   -0.0001884900   -0.0001776800
   0.0000953400    0.0002148700   -0.0002423500
   0.0001021600    0.0002205900   -0.0002418800
   0.0001023700   -0.0002125500   -0.0002311700
  -0.0013135900   -0.0018597700    0.0006702300
  -0.0012902400    0.0018692300    0.0006557700
  -0.0013365400    0.0018507600    0.0006569500
  -0.0013162600   -0.0018506600    0.0006699400
   0.0074820000    0.0072491600   -0.0006209000
  -0.0088293100    0.0072119200   -0.0016473600
   0.0072481200   -0.0072579300   -0.0016471400
  -0.0075109800   -0.0072473800   -0.0002692500
   0.0495327600    0.0042674300    0.0453450000
  -0.0044919400    0.0038873500    0.0002389300
   0.0041313400   -0.0038873600    0.0002388800
  -0.0054938400   -0.0038941900   -0.0000026400
   0.0079205100   -0.0018790600    0.0059654500
  -0.0074833100   -0.0002207000    0.0073463200
   0.0045658000    0.0018460800    0.0025951900
  -0.0041296600    0.0002210300    0.0039919300
   0.0078827500    0.0019302600   -0.0085161700
  -0.0074857600    0.0002130400   -0.0071425000
   0.0045741500   -0.0018540700   -0.0051923500
  -0.0041246700   -0.0002148300   -0.0037863800
  -0.0032819000    0.0073163000    0.0041257000
   0.0005519500    0.0038878800    0.0044387500
  -0.0001115100   -0.0072555000    0.0071394600
   0.0003209200   -0.0038913700    0.0042059700
   0.0005350000    0.0072796000   -0.0066833100
  -0.0031409500    0.0038976400   -0.0070287900
   0.0003218100   -0.0072575900   -0.0069353400
  -0.0001153100   -0.0038859600   -0.0040007900
  -0.0003766200    0.0001409000    0.0005557500
  -0.0057315100    0.0044545900    0.0045953900
   0.0047692600   -0.0060080500    0.0047310200
  -0.0052519500   -0.0054107900    0.0036073700
   0.0030274400    0.0044598700   -0.0073581300
  -0.0048015400    0.0032320800   -0.0057560900
   0.0028842400   -0.0054124700   -0.0059650500
   0.0034129000    0.0032728800    0.0034612600
   0.0055680300    0.0042106600    0.0047064600
   0.0005592000    0.0009015900    0.0004425800
   0.0047986900   -0.0056459000    0.0038195800
  -0.0043468400   -0.0058191000    0.0045647600
  -0.0022001200    0.0095817200   -0.0130050200
  -0.0041969500    0.0042110700   -0.0061905100
  -0.0032366400    0.0034886200    0.0030338400
  -0.0030713800   -0.0056485400   -0.0060358100
   0.0041064900    0.0056740400    0.0050567800
  -0.0052771800    0.0054157600    0.0035878500
   0.0002791500    0.0001915000    0.0002266200
  -0.0057121900   -0.0044581900    0.0046190400
   0.0019601000    0.0054070500   -0.0068887300
   0.0037459300   -0.0029264200    0.0027910100
   0.0038837500   -0.0044537500   -0.0064355600
  -0.0051293100   -0.0035779100   -0.0050814400
   0.0050985000    0.0056543900    0.0036987400
  -0.0039351400    0.0049175800    0.0049860500
   0.0052606500   -0.0042170600    0.0048399300
   0.0001504200   -0.0000030000    0.0000593900
  -0.0108721800   -0.0094076600   -0.0046210300
  -0.0031802000    0.0056561100   -0.0057285500
   0.0053165400   -0.0038110100   -0.0055182500
  -0.0040784500   -0.0042193000   -0.0064944500
  -0.0037451300   -0.0023525200   -0.0022494400
  -0.0051529600    0.0036817900    0.0050986900
   0.0033344400   -0.0057642500    0.0053077600
   0.0035130200    0.0033737300   -0.0037649200
  -0.0003502100    0.0001670600    0.0003029800
  -0.0053688000    0.0035166000   -0.0039447500
   0.0038304300   -0.0056458600   -0.0040816300
  -0.0053058200   -0.0054653400   -0.0033327700
   0.0039093100    0.0034882000    0.0039780900
  -0.0038429200    0.0046799400    0.0055297300
  -0.0036929200    0.0031387600   -0.0036970700
  -0.0031642900   -0.0055528600    0.0057402600
   0.0055211200    0.0042353800   -0.0038468100
   0.0001812500   -0.0000381000    0.0002003000
   0.0057369100   -0.0052763400   -0.0031637100
  -0.0042888200   -0.0058745200   -0.0042943500
  -0.0044986600    0.0118831100   -0.0024642200
   0.0033955700   -0.0033827000   -0.0034537800
   0.0043525400   -0.0040992000    0.0057752800
  -0.0050338500   -0.0036705900    0.0047855800
   0.0041311400    0.0056271800   -0.0041972700
  -0.0049066500    0.0063534100   -0.0029317600
  -0.0006598700   -0.0001874700    0.0004165500
  -0.0057676500   -0.0044001400   -0.0043479500
  -0.0045877400   -0.0031606900   -0.0045824400
  -0.0028097800    0.0051868900    0.0050567400
   0.0048479300   -0.0034410600    0.0048464500
  -0.0041781600   -0.0043182600    0.0061985300
   0.0050702500    0.0056257100   -0.0028334300
  -0.0043104000    0.0058639000   -0.0043165200
   0.0062059600   -0.0045928900   -0.0041692400
   0.0001982700    0.0000441900    0.0002117900

33   
  0.0100000000000000   0.0000000000000000   0.0000000000000000
   0.0078295200    0.0074309100    0.0074309100
  -0.0006094600    0.0002469000    0.0002469000
   0.0004691200   -0.0000155400   -0.0003337300
  -0.0004314100   -0.0002258100   -0.0000769900
   0.0004691200   -0.0003337300   -0.0000155400
  -0.0004314100   -0.0000769900   -0.0002258100
   0.0002232100    0.0006328000    0.0006328000
  -0.0001886800    0.0000386500    0.0000386500
   0.0141689500    0.0121181400   -0.0050249900
  -0.0078652000    0.0075094900   -0.0002681900
   0.0077050100   -0.0072596500    0.0003269900
  -0.0076673900   -0.0074679000    0.0000736000
   0.0043311500    0.0036030100    0.0000179900
  -0.0043442900    0.0038222700    0.0002699600
   0.0040856200   -0.0032101400   -0.0006639400
  -0.0040652400   -0.0038488700   -0.0000335600
   0.0141689500   -0.0050249900    0.0121181400
  -0.0078652000   -0.0002681900    0.0075094900
   0.0043311500    0.0000179900    0.0036030100
  -0.0043442900    0.0002699600    0.0038222700
   0.0077050100    0.0003269900   -0.0072596500
  -0.0076673900    0.0000736000   -0.0074679000
   0.0040856200   -0.0006639400   -0.0032101400
  -0.0040652400   -0.0000335600   -0.0038488700
   0.0072331300    0.0019880400    0.0019880400
  -0.0006070600    0.0036407200    0.0036407200
   0.0004777600   -0.0072276600    0.0075821200
  -0.0004542000   -0.0036489400    0.0039529200
   0.0004777600    0.0075821200   -0.0072276600
  -0.0004542000    0.0039529200   -0.0036489400
   0.0002091000   -0.0079016200   -0.0079016200
  -0.0001923500   -0.0039270800   -0.0039270800
  -0.0437409500   -0.0014770200   -0.0014770200
  -0.0054704700    0.0044523600    0.0044523600
   0.0044453700   -0.0058747000    0.0044517500
  -0.0054150400   -0.0054209000    0.0034491400
   0.0044453700    0.0044517500   -0.0058747000
  -0.0054150400    0.0034491400   -0.0054209000
   0.0017740100   -0.0054188200   -0.0054188200
   0.0033044100    0.0031344600    0.0031344600
   0.0173114600    0.0042389700    0.0042389700
   0.0073090900   -0.0001399200   -0.0001399200
   0.0054149200   -0.0054121800    0.0034374000
  -0.0044570800   -0.0058792000    0.0044523500
   0.0054149200    0.0034374000   -0.0054121800
  -0.0044570800    0.0044523500   -0.0058792000
  -0.0023741400    0.0031355100    0.0031355100
  -0.0027163000   -0.0054144000   -0.0054144000
   0.0019058700    0.0056780800    0.0056318400
  -0.0051783800    0.0054234500    0.0030711500
  -0.0021464400    0.0001537900   -0.0013389800
  -0.0056428800   -0.0044551100    0.0048274500
   0.0028651200    0.0054140300   -0.0057806500
   0.0032101300   -0.0031463500    0.0032155200
   0.0038705500   -0.0044477000   -0.0055086300
  -0.0053460900   -0.0034368400   -0.0055003100
   0.0062555800    0.0063138200    0.0040031500
  -0.0035792900    0.0049712100    0.0050825100
   0.0067291500   -0.0053586300    0.0038732100
   0.0008276500    0.0009274200   -0.0005307100
  -0.0028914200   -0.0034698800    0.0029955600
  -0.0032035500    0.0057513700   -0.0055536500
   0.0056621300   -0.0031017000   -0.0052767400
  -0.0042069900   -0.0047897000   -0.0057411100
   0.0019058700    0.0056318400    0.0056780800
  -0.0051783800    0.0030711500    0.0054234500
   0.0028651200   -0.0057806500    0.0054140300
   0.0032101300    0.0032155200   -0.0031463500
  -0.0021464400   -0.0013389800    0.0001537900
  -0.0056428800    0.0048274500   -0.0044551100
   0.0038705500   -0.0055086300   -0.0044477000
  -0.0053460900   -0.0055003100   -0.0034368400
   0.0062555800    0.0040031500    0.0063138200
  -0.0035792900    0.0050825100    0.0049712100
  -0.0028914200    0.0029955600   -0.0034698800
  -0.0032035500   -0.0055536500    0.0057513700
   0.0067291500    0.0038732100   -0.0053586300
   0.0008276500   -0.0005307100    0.0009274200
   0.0056621300   -0.0052767400   -0.0031017000
  -0.0042069900   -0.0057411100   -0.0047897000
   0.0017438300    0.0048086700    0.0048086700
   0.0033005600   -0.0029922300   -0.0029922300
   0.0026899200   -0.0050511200    0.0064801200
  -0.0052580100   -0.0032982900    0.0052725500
   0.0026899200    0.0064801200   -0.0050511200
  -0.0052580100    0.0052725500   -0.0032982900
  -0.0015200600    0.0005286600    0.0005286600
  -0.0057217000   -0.0045937200   -0.0045937200
  -0.0032930200   -0.0030552300   -0.0030552300
  -0.0018231400    0.0051029800    0.0051029800
   0.0070944600   -0.0036964300    0.0056868700
  -0.0046089100   -0.0043742000    0.0057988400
   0.0070944600    0.0056868700   -0.0036964300
  -0.0046089100    0.0057988400   -0.0043742000
   0.0057135100   -0.0045300300   -0.0045300300
   0.0014121800    0.0001810200    0.0001810200

33   
 -0.0100000000000000   0.0000000000000000   0.0000000000000000
  -0.0079211000   -0.0075958200   -0.0075958200
   0.0006095400   -0.0002471900   -0.0002471900
  -0.0004658400    0.0000131200    0.0003338300
   0.0004327300    0.0002293100    0.0000782800
  -0.0004658400    0.0003338300    0.0000131200
   0.0004327300    0.0000782800    0.0002293100
  -0.0002204300   -0.0006338400   -0.0006338400
   0.0001878700   -0.0000383700   -0.0000383700
   0.0004344000    0.0025227200    0.0048755800
  -0.0066361800    0.0069921600    0.0002680600
   0.0067933900   -0.0072395100   -0.0003270600
  -0.0068355700   -0.0070375100   -0.0000723800
   0.0034407400    0.0041721900   -0.0000198700
  -0.0034319400    0.0039515900   -0.0002662600
   0.0036865400   -0.0045644500    0.0006637800
  -0.0037085200   -0.0039263800    0.0000339400
   0.0004344000    0.0048755800    0.0025227200
  -0.0066361800    0.0002680600    0.0069921600
   0.0034407400   -0.0000198700    0.0041721900
  -0.0034319400   -0.0002662600    0.0039515900
   0.0067933900   -0.0003270600   -0.0072395100
  -0.0068355700   -0.0000723800   -0.0070375100
   0.0036865400    0.0006637800   -0.0045644500
  -0.0037085200    0.0000339400   -0.0039263800
  -0.0073629200    0.0126788000    0.0126788000
   0.0006068100    0.0041345400    0.0041345400
  -0.0004743300   -0.0072713500    0.0069192300
   0.0004561200   -0.0041299600    0.0038208200
  -0.0004743300    0.0069192300   -0.0072713500
   0.0004561200    0.0038208200   -0.0041299600
  -0.0002060600   -0.0065999100   -0.0065999100
   0.0001916300   -0.0038482300   -0.0038482300
   0.0435530300    0.0014112100    0.0014112100
  -0.0062797700    0.0044577100    0.0044577100
   0.0044650900   -0.0058754800    0.0044584000
  -0.0054077700   -0.0054017100    0.0034338300
   0.0044650900    0.0044584000   -0.0058754800
  -0.0054077700    0.0034338300   -0.0054017100
   0.0051091900   -0.0054038100   -0.0054038100
   0.0029681900    0.0031380300    0.0031380300
  -0.0052793100    0.0046642100    0.0046642100
  -0.0073952700    0.0000454900    0.0000454900
   0.0054108300   -0.0054106000    0.0034455200
  -0.0044559000   -0.0058708500    0.0044576600
   0.0054108300    0.0034455200   -0.0054106000
  -0.0044559000    0.0044576600   -0.0058708500
  -0.0038976900    0.0031369900    0.0031369900
  -0.0041672100   -0.0054082900   -0.0054082900
   0.0070065400    0.0060307800    0.0032793700
  -0.0056443600    0.0054015800    0.0038113600
   0.0020502900   -0.0000316000    0.0012416600
  -0.0061071500   -0.0044571500    0.0040829000
   0.0040182000    0.0054098500   -0.0050421400
   0.0030623300   -0.0031297600    0.0030570500
   0.0050398600   -0.0044634800   -0.0062414200
  -0.0054766000   -0.0034424000   -0.0053224700
   0.0045687700    0.0045098200    0.0028751500
  -0.0053331300    0.0067800700    0.0038319300
   0.0050228300   -0.0035525800    0.0050417200
  -0.0007334600   -0.0008329000    0.0004308000
  -0.0033794800   -0.0028024600    0.0032782300
  -0.0036808900    0.0050718100   -0.0052703900
   0.0051622300   -0.0037813300   -0.0055473500
  -0.0047046600   -0.0041207000   -0.0060076900
   0.0070065400    0.0032793700    0.0060307800
  -0.0056443600    0.0038113600    0.0054015800
   0.0040182000   -0.0050421400    0.0054098500
   0.0030623300    0.0030570500   -0.0031297600
   0.0020502900    0.0012416600   -0.0000316000
  -0.0061071500    0.0040829000   -0.0044571500
   0.0050398600   -0.0062414200   -0.0044634800
  -0.0054766000   -0.0053224700   -0.0034424000
   0.0045687700    0.0028751500    0.0045098200
  -0.0053331300    0.0038319300    0.0067800700
  -0.0033794800    0.0032782300   -0.0028024600
  -0.0036808900   -0.0052703900    0.0050718100
   0.0050228300    0.0050417200   -0.0035525800
  -0.0007334600    0.0004308000   -0.0008329000
   0.0051622300   -0.0055473500   -0.0037813300
  -0.0047046600   -0.0060076900   -0.0041207000
   0.0051425200    0.0060155100    0.0060155100
   0.0029736800   -0.0032798300   -0.0032798300
   0.0062182600   -0.0038609000    0.0052719000
  -0.0055663600   -0.0035846400    0.0055502900
   0.0062182600    0.0052719000   -0.0038609000
  -0.0055663600    0.0055502900   -0.0035846400
   0.0014251800   -0.0004329100   -0.0004329100
  -0.0060266000   -0.0043165800   -0.0043165800
  -0.0029788100   -0.0032170800   -0.0032170800
  -0.0050634600    0.0057142600    0.0057142600
   0.0037310900   -0.0031816000    0.0051302300
  -0.0043019200   -0.0045359000    0.0059513400
   0.0037310900    0.0051302300   -0.0031816000
  -0.0043019200    0.0059513400   -0.0045359000
   0.0060372800   -0.0043801300   -0.0043801300
  -0.0013186700   -0.0000803800   -0.0000803800

34   
  0.0000000000000000   0.0100000000000000   0.0000000000000000
  -0.0000143700    0.0004207400   -0.0002877300
   0.0046022300    0.0066782500    0.0046171300
  -0.0002700500   -0.0004670100   -0.0000720300
   0.0002611800   -0.0006066700    0.0002441900
   0.0006747000    0.0002080200    0.0006657000
  -0.0003328600    0.0004772200   -0.0000224400
   0.0000401900   -0.0001830900    0.0000360500
  -0.0000677900   -0.0004550800   -0.0002601400
   0.0072239000    0.0077139500    0.0003331400
  -0.0027739900    0.0137863100   -0.0043700100
   0.0069767900   -0.0077084700    0.0000704000
  -0.0069941000   -0.0078576300   -0.0002581000
   0.0045530800    0.0041043600   -0.0006637300
  -0.0042169200    0.0043608500    0.0000162300
   0.0039243200   -0.0040809300   -0.0000406000
  -0.0039600500   -0.0043589500    0.0002679300
   0.0072653700    0.0004800500    0.0075735500
  -0.0114978600    0.0063567800    0.0029970600
   0.0041466600   -0.0004586000    0.0039557700
  -0.0041393900   -0.0006075900    0.0036442500
   0.0065842500    0.0002087700   -0.0079140100
  -0.0069330800    0.0004681500   -0.0072402500
   0.0038471400   -0.0001917200   -0.0039237100
  -0.0038177800   -0.0004730800   -0.0036111900
   0.0000321700    0.0077160800    0.0069294700
  -0.0047429500    0.0106577200    0.0086573800
   0.0002751200   -0.0077069000    0.0071685800
  -0.0002503400   -0.0045026500    0.0041408400
  -0.0006687200    0.0074769200   -0.0065992600
   0.0003312700    0.0043621900   -0.0039011700
  -0.0000372900   -0.0074413500   -0.0072079800
   0.0000709400   -0.0043503700   -0.0041537600
  -0.0000508400   -0.0000578900   -0.0000516100
  -0.0061914000   -0.0374902400    0.0037725400
   0.0044587800   -0.0058655200    0.0044613100
  -0.0054096400   -0.0050032900    0.0034451100
   0.0044612200    0.0027660200   -0.0058783600
  -0.0054085500    0.0034267800   -0.0054131500
   0.0034414200   -0.0052424600   -0.0054128100
   0.0031286600    0.0031503600    0.0031311000
   0.0058891300    0.0019660400    0.0032310800
   0.0002400800   -0.0025992300    0.0011273400
   0.0054106200   -0.0051725800    0.0038118900
  -0.0044598900   -0.0056386100    0.0040910300
   0.0054054200    0.0028498500   -0.0050487100
  -0.0044578400    0.0038673000   -0.0062441800
  -0.0031333300    0.0032139300    0.0030534800
  -0.0034371100   -0.0053321800   -0.0053344700
   0.0044609900    0.0058621300    0.0044584300
  -0.0053945400    0.0154013700    0.0034445500
  -0.0000494300    0.0000462900   -0.0000562200
  -0.0058543200    0.0054471100    0.0044555100
   0.0034405300    0.0061629100   -0.0054143900
   0.0031327000   -0.0031444600    0.0031308800
   0.0044621000   -0.0036959800   -0.0058755100
  -0.0054088000   -0.0034436600   -0.0054118100
   0.0045046100    0.0062750800    0.0028355600
  -0.0035663100    0.0067345000    0.0050823700
   0.0067849800   -0.0035804500    0.0038411700
  -0.0008540500    0.0009245900    0.0005491600
  -0.0028004800   -0.0028897200    0.0032727200
  -0.0037742300    0.0056527800   -0.0055544600
   0.0050702000   -0.0031922500   -0.0052723000
  -0.0041224200   -0.0042052300   -0.0060156500
   0.0040909100    0.0038673200    0.0058728200
  -0.0041548000    0.0010079600    0.0053949300
   0.0035244400   -0.0053345000    0.0054139500
   0.0027701000    0.0033738600   -0.0031347100
   0.0003239000   -0.0006329600    0.0000504700
  -0.0071002100    0.0020042100   -0.0044371700
   0.0043773400   -0.0057993000   -0.0044603300
  -0.0050442800   -0.0051701400   -0.0034412800
   0.0048045700    0.0016783300    0.0060291700
  -0.0050834800    0.0026891500    0.0052620500
  -0.0029939500    0.0032982700   -0.0032744500
  -0.0033049700   -0.0052525900    0.0055547200
   0.0064789800    0.0026877500   -0.0038444300
   0.0006335100   -0.0018134700   -0.0005779800
   0.0052705100   -0.0052501100   -0.0035845900
  -0.0045984300   -0.0057104300   -0.0043155700
   0.0033022100    0.0056516500    0.0050769900
   0.0037473200   -0.0022672800   -0.0022274900
   0.0043148700   -0.0042052200    0.0062165600
  -0.0047848200   -0.0025626000    0.0045169400
   0.0045978600    0.0061179700   -0.0041227800
  -0.0060390900    0.0062846200   -0.0043723300
   0.0000910100    0.0002966300   -0.0002863900
  -0.0064849300   -0.0035791100   -0.0035451900
  -0.0034426200   -0.0014561100   -0.0028258000
  -0.0033671300    0.0052549600    0.0054854800
   0.0054881100   -0.0035937400    0.0053392000
  -0.0047899700   -0.0027541200    0.0055587200
   0.0053332000    0.0052556200   -0.0035217000
  -0.0041242300    0.0075637400   -0.0047846300
   0.0061807900   -0.0027643800   -0.0041475400
  -0.0000267300   -0.0001055300    0.0001291500

34   
  0.0000000000000000  -0.0100000000000000   0.0000000000000000
   0.0000122700   -0.0004175100    0.0002876800
  -0.0047487200   -0.0067890400   -0.0047645300
   0.0002738200    0.0004684200    0.0000731900
  -0.0002611500    0.0006064800   -0.0002445400
  -0.0006751200   -0.0002052100   -0.0006661500
   0.0003330200   -0.0004738000    0.0000200900
  -0.0000398900    0.0001821300   -0.0000356900
   0.0000690500    0.0004566100    0.0002639200
   0.0072802300    0.0067846300   -0.0003328400
  -0.0115850000    0.0008245900    0.0042285800
   0.0075211100   -0.0067947100   -0.0000691400
  -0.0075075100   -0.0066440100    0.0002576000
   0.0032222200    0.0036677200    0.0006635100
  -0.0035580700    0.0034106900   -0.0000186100
   0.0038503100   -0.0036929800    0.0000409500
  -0.0038161200   -0.0034175900   -0.0002641000
   0.0072386400   -0.0004766900    0.0069282500
  -0.0028642600   -0.0064651500    0.0116454700
   0.0036246700    0.0004600600    0.0038179300
  -0.0036354100    0.0006073400    0.0041308000
   0.0079178100   -0.0002059300   -0.0065872200
  -0.0075686500   -0.0004648800   -0.0072594400
   0.0039275600    0.0001906700   -0.0038516200
  -0.0039584400    0.0004744900   -0.0041676800
  -0.0000343700    0.0067823800    0.0075724900
   0.0045966800   -0.0027722100   -0.0007349100
  -0.0002712800   -0.0067963300    0.0073317500
   0.0002501400   -0.0032722600    0.0036343600
   0.0006681600    0.0070220700   -0.0079018600
  -0.0003311500    0.0034095500   -0.0038713600
   0.0000376700   -0.0070592600   -0.0072941500
  -0.0000697200   -0.0034261300   -0.0036250500
  -0.0000455100   -0.0000384800   -0.0000449600
  -0.0055463100    0.0464041200    0.0051393600
   0.0044514300   -0.0058845700    0.0044489700
  -0.0054131500   -0.0058194300    0.0034376900
   0.0044488800    0.0061440300   -0.0058717700
  -0.0054142300    0.0034559200   -0.0054095800
   0.0034413100   -0.0055803400   -0.0054099300
   0.0031438100    0.0031221200    0.0031413500
   0.0058991100    0.0069441300    0.0056790200
  -0.0001850600    0.0025010900   -0.0012251200
   0.0054100500   -0.0056502200    0.0030709500
  -0.0044481000   -0.0061114200    0.0048192200
   0.0054163200    0.0040328800   -0.0057741200
  -0.0044511500    0.0050427400   -0.0055059000
  -0.0031354800    0.0030585600    0.0032190000
  -0.0034492400   -0.0054906300   -0.0054883800
   0.0044491900    0.0058908400    0.0044517200
  -0.0054281500   -0.0043325700    0.0034382300
  -0.0000473900    0.0000471300   -0.0000404300
  -0.0058960100   -0.0146069400    0.0044547500
   0.0034421800    0.0046606200   -0.0054084800
   0.0031397600   -0.0031250200    0.0031416000
   0.0044479700   -0.0052147800   -0.0058745700
  -0.0054139900   -0.0034420400   -0.0054109900
   0.0063171800    0.0045496900    0.0040516100
  -0.0053427800    0.0050174900    0.0038234100
   0.0049641400   -0.0053316800    0.0050643600
   0.0009519800   -0.0008296300   -0.0006409800
  -0.0034722800   -0.0033811100    0.0029985000
  -0.0031081500    0.0051716600   -0.0052672400
   0.0057523500   -0.0036921000   -0.0055493500
  -0.0047873700   -0.0047064200   -0.0057356900
   0.0048191400    0.0050427700    0.0058783100
  -0.0066681800    0.0058750100    0.0053920000
   0.0033582700   -0.0054883200    0.0054053900
   0.0035023300    0.0028986300   -0.0031356100
  -0.0004206900    0.0005360300    0.0000451400
  -0.0046497000    0.0069058100   -0.0044364100
   0.0045328700   -0.0059507700   -0.0044462100
  -0.0057785400   -0.0056526700   -0.0034435000
   0.0060164100    0.0052019100    0.0047955400
  -0.0038245100    0.0062236600    0.0064898500
  -0.0032786600    0.0029725400   -0.0029978600
  -0.0035775000   -0.0055685800    0.0052683100
   0.0052693000    0.0062249700   -0.0050676100
  -0.0005349000    0.0017145300    0.0006726700
   0.0055521800   -0.0055710400   -0.0032984100
  -0.0043115600   -0.0060412600   -0.0045947300
   0.0035817600    0.0051727300    0.0057460900
   0.0025205100   -0.0040032200   -0.0040439800
   0.0045939300   -0.0047064100    0.0055338200
  -0.0060334400   -0.0043222400    0.0063067300
   0.0043110800    0.0056336600   -0.0047877200
  -0.0047793500    0.0045405700   -0.0025119900
  -0.0001861200   -0.0002013600    0.0003827000
  -0.0052698200   -0.0053330900   -0.0053659400
  -0.0028242700   -0.0048134500   -0.0034520900
  -0.0035155100    0.0055685500    0.0053372800
   0.0053346900   -0.0032897700    0.0054835500
  -0.0041256400   -0.0061590100    0.0061859400
   0.0054895600    0.0055679000   -0.0033611600
  -0.0047913800    0.0041898200   -0.0041202800
   0.0055748100   -0.0061487600   -0.0047572500
   0.0001231500    0.0002011200   -0.0000325500

34   
  0.0100000000000000   0.0000000000000000   0.0000000000000000
  -0.0005256300    0.0002150000    0.0002150000
   0.0066473500    0.0045795100    0.0045795100
  -0.0004488900   -0.0002517500   -0.0000701800
   0.0004720500   -0.0000264700   -0.0003356300
  -0.0004488900   -0.0000701800   -0.0002517500
   0.0004720500   -0.0003356300   -0.0000264700
  -0.0001898100    0.0000406200    0.0000406200
   0.0002089900    0.0006725400    0.0006725400
   0.0066365700    0.0075068700   -0.0002644400
  -0.0008386600    0.0117136600   -0.0043175200
   0.0067910800   -0.0075036800    0.0000697200
  -0.0067900300   -0.0072815000    0.0003221900
   0.0034284200    0.0038195900    0.0002578800
  -0.0034211900    0.0035716000    0.0000323100
   0.0036972900   -0.0038480700   -0.0000392800
  -0.0036867000   -0.0032042500   -0.0006685600
   0.0066365700   -0.0002644400    0.0075068700
  -0.0008386600   -0.0043175200    0.0117136600
   0.0034284200    0.0002578800    0.0038195900
  -0.0034211900    0.0000323100    0.0035716000
   0.0067910800    0.0000697200   -0.0075036800
  -0.0067900300    0.0003221900   -0.0072815000
   0.0036972900   -0.0000392800   -0.0038480700
  -0.0036867000   -0.0006685600   -0.0032042500
  -0.0006143800    0.0070120800    0.0070120800
   0.0066204900   -0.0006452400   -0.0006452400
  -0.0004560300   -0.0069905200    0.0073214400
   0.0004688400   -0.0038655600    0.0042132600
  -0.0004560300    0.0073214400   -0.0069905200
   0.0004688400    0.0042132600   -0.0038655600
  -0.0001880800   -0.0072876500   -0.0072876500
   0.0002111000   -0.0045551700   -0.0045551700
   0.0003566000   -0.0000478000   -0.0000478000
  -0.0496760200    0.0041282300    0.0041282300
   0.0044647000   -0.0058758000    0.0044518000
  -0.0054091700   -0.0054098100    0.0034444800
   0.0044647000    0.0044518000   -0.0058758000
  -0.0054091700    0.0034444800   -0.0054098100
   0.0036127400   -0.0054118600   -0.0054118600
   0.0014341600    0.0031384000    0.0031384000
   0.0161903900    0.0044600600    0.0044600600
   0.0114852900    0.0001311400    0.0001311400
   0.0054049300   -0.0054123600    0.0034441300
  -0.0044678400   -0.0058755700    0.0044578500
   0.0054049300    0.0034441300   -0.0054123600
  -0.0044678400    0.0044578500   -0.0058755700
  -0.0023770200    0.0031360000    0.0031360000
  -0.0026780300   -0.0054122200   -0.0054122200
   0.0046915600    0.0058766700    0.0040859600
  -0.0078168900    0.0053738500    0.0046822600
   0.0001840300    0.0000512600    0.0003180600
  -0.0083123400   -0.0044577600    0.0032299500
   0.0035198100    0.0054120600   -0.0053257600
   0.0025544600   -0.0031396700    0.0027653600
   0.0045309100   -0.0044528100   -0.0059630600
  -0.0059906600   -0.0034421600   -0.0050420500
   0.0062704600    0.0045003500    0.0040536600
  -0.0035955400    0.0067979500    0.0050667200
   0.0067420200   -0.0035452200    0.0038479800
   0.0009028300   -0.0008565300   -0.0006498500
  -0.0028901000   -0.0027958700    0.0029956300
  -0.0032006200    0.0050685300   -0.0055524300
   0.0056570900   -0.0037842100   -0.0052732800
  -0.0042120100   -0.0041138500   -0.0057339300
   0.0046915600    0.0040859600    0.0058766700
  -0.0078168900    0.0046822600    0.0053738500
   0.0035198100   -0.0053257600    0.0054120600
   0.0025544600    0.0027653600   -0.0031396700
   0.0001840300    0.0003180600    0.0000512600
  -0.0083123400    0.0032299500   -0.0044577600
   0.0045309100   -0.0059630600   -0.0044528100
  -0.0059906600   -0.0050420500   -0.0034421600
   0.0062704600    0.0040536600    0.0045003500
  -0.0035955400    0.0050667200    0.0067979500
  -0.0028901000    0.0029956300   -0.0027958700
  -0.0032006200   -0.0055524300    0.0050685300
   0.0067420200    0.0038479800   -0.0035452200
   0.0009028300   -0.0006498500   -0.0008565300
   0.0056570900   -0.0052732800   -0.0037842100
  -0.0042120100   -0.0057339300   -0.0041138500
   0.0036009000    0.0055514400    0.0055514400
   0.0013707600   -0.0037503100   -0.0037503100
   0.0046197600   -0.0043151700    0.0057333700
  -0.0071721900   -0.0040515500    0.0059993300
   0.0046197600    0.0057333700   -0.0043151700
  -0.0071721900    0.0059993300   -0.0040515500
   0.0001054200   -0.0000851300   -0.0000851300
  -0.0076321900   -0.0038484800   -0.0038484800
  -0.0014404800   -0.0034448800   -0.0034448800
  -0.0036001000    0.0054842700    0.0054842700
   0.0052509600   -0.0033648900    0.0053333700
  -0.0027667100   -0.0047659500    0.0061648400
   0.0052509600    0.0053333700   -0.0033648900
  -0.0027667100    0.0061648400   -0.0047659500
   0.0075663000   -0.0041494500   -0.0041494500
  -0.0001131200   -0.0000280800   -0.0000280800

34   
 -0.0100000000000000   0.0000000000000000   0.0000000000000000
   0.0005256300   -0.0002152700   -0.0002152700
  -0.0067552300   -0.0047243200   -0.0047243200
   0.0004505600    0.0002555000    0.0000714000
  -0.0004687700    0.0000241200    0.0003356300
   0.0004505600    0.0000714000    0.0002555000
  -0.0004687700    0.0003356300    0.0000241200
   0.0001889200   -0.0000402900   -0.0000402900
  -0.0002061600   -0.0006729300   -0.0006729300
   0.0078654600    0.0069948700    0.0002644300
  -0.0135570400    0.0029272900    0.0041799800
   0.0077092300   -0.0070015200   -0.0000685200
  -0.0077148900   -0.0072180000   -0.0003223600
   0.0043452200    0.0039541300   -0.0002541800
  -0.0043570100    0.0042034700   -0.0000346100
   0.0040788200   -0.0039272100    0.0000396000
  -0.0040910400   -0.0045704500    0.0006683000
   0.0078654600    0.0002644300    0.0069948700
  -0.0135570400    0.0041799800    0.0029272900
   0.0043452200   -0.0002541800    0.0039541300
  -0.0043570100   -0.0000346100    0.0042034700
   0.0077092300   -0.0000685200   -0.0070015200
  -0.0077148900   -0.0003223600   -0.0072180000
   0.0040788200    0.0000396000   -0.0039272100
  -0.0040910400    0.0006683000   -0.0045704500
   0.0006144400    0.0074899100    0.0074899100
  -0.0067284200    0.0085646300    0.0085646300
   0.0004576400   -0.0075148300    0.0071788800
  -0.0004655200   -0.0039070900    0.0035617100
   0.0004576400    0.0071788800   -0.0075148300
  -0.0004655200    0.0035617100   -0.0039070900
   0.0001872000   -0.0072143800   -0.0072143800
  -0.0002082200   -0.0032194100   -0.0032194100
  -0.0004531900   -0.0000485600   -0.0000485600
   0.0378996400    0.0047733200    0.0047733200
   0.0044454900   -0.0058742900    0.0044583800
  -0.0054135100   -0.0054129600    0.0034383300
   0.0044454900    0.0044583800   -0.0058742900
  -0.0054135100    0.0034383300   -0.0054129600
   0.0032700800   -0.0054109200   -0.0054109200
   0.0048386000    0.0031340500    0.0031340500
  -0.0047011100    0.0044500700    0.0044500700
  -0.0111060700   -0.0002216100   -0.0002216100
   0.0054150900   -0.0054105000    0.0034386500
  -0.0044392800   -0.0058745100    0.0044523400
   0.0054150900    0.0034386500   -0.0054105000
  -0.0044392800    0.0044523400   -0.0058745100
  -0.0038960400    0.0031364700    0.0031364700
  -0.0042041100   -0.0054106200   -0.0054106200
   0.0042186100    0.0058756000    0.0048241800
  -0.0030056400    0.0054132000    0.0022004500
  -0.0002807500    0.0000429000   -0.0004146900
  -0.0034374600   -0.0044160800    0.0056804500
   0.0033629700    0.0054072700   -0.0054970600
   0.0037181800   -0.0031317000    0.0035071400
   0.0043792800   -0.0044537500   -0.0057870400
  -0.0048320100   -0.0034416700   -0.0057808300
   0.0045505000    0.0063235700    0.0028335200
  -0.0053126900    0.0049532400    0.0038389200
   0.0050061700   -0.0053660600    0.0050576800
  -0.0008040400    0.0009523200    0.0005584400
  -0.0033838600   -0.0034762900    0.0032756000
  -0.0036804900    0.0057546200   -0.0052691900
   0.0051642700   -0.0030988900   -0.0055483700
  -0.0046964800   -0.0047966000   -0.0060174300
   0.0042186100    0.0048241800    0.0058756000
  -0.0030056400    0.0022004500    0.0054132000
   0.0033629700   -0.0054970600    0.0054072700
   0.0037181800    0.0035071400   -0.0031317000
  -0.0002807500   -0.0004146900    0.0000429000
  -0.0034374600    0.0056804500   -0.0044160800
   0.0043792800   -0.0057870400   -0.0044537500
  -0.0048320100   -0.0057808300   -0.0034416700
   0.0045505000    0.0028335200    0.0063235700
  -0.0053126900    0.0038389200    0.0049532400
  -0.0033838600    0.0032756000   -0.0034762900
  -0.0036804900   -0.0052691900    0.0057546200
   0.0050061700    0.0050576800   -0.0053660600
  -0.0008040400    0.0005584400    0.0009523200
   0.0051642700   -0.0055483700   -0.0030988900
  -0.0046964800   -0.0060174300   -0.0047966000
   0.0032835700    0.0052715700    0.0052715700
   0.0049044400   -0.0025202200   -0.0025202200
   0.0042887700   -0.0045952200    0.0060169500
  -0.0036528000   -0.0028331300    0.0048254200
   0.0042887700    0.0060169500   -0.0045952200
  -0.0036528000    0.0048254200   -0.0028331300
  -0.0002000000    0.0001814700    0.0001814700
  -0.0041152300   -0.0050635900   -0.0050635900
  -0.0048348200   -0.0028328900   -0.0028328900
  -0.0032818700    0.0053385000    0.0053385000
   0.0055712700   -0.0035180100    0.0054894600
  -0.0061407700   -0.0041387400    0.0055798500
   0.0055712700    0.0054894600   -0.0035180100
  -0.0061407700    0.0055798500   -0.0041387400
   0.0041808000   -0.0047554300   -0.0047554300
   0.0002101800    0.0001244400    0.0001244400

36   
  0.0100000000000000   0.0000000000000000   0.0000000000000000
  -0.0003823700   -0.0001972300   -0.0000611700
   0.0004739000   -0.0000276800   -0.0003230600
  -0.0006097900    0.0002446900    0.0002536400
   0.0067510900    0.0046657300    0.0046117100
  -0.0001863000    0.0000397300    0.0000397300
   0.0002027400    0.0006801200    0.0006631500
  -0.0004653400   -0.0000665500   -0.0002649000
   0.0004659100   -0.0003181100   -0.0000222600
   0.0067921400    0.0070037000    0.0000818900
  -0.0067714000    0.0072319300    0.0003380000
   0.0066476500   -0.0070116100   -0.0002500800
  -0.0001210200   -0.0022173300   -0.0050935500
   0.0037008500    0.0039253800   -0.0000381400
  -0.0036841000    0.0045583600   -0.0006636400
   0.0034359000   -0.0039594500    0.0002634700
  -0.0034260800   -0.0042120400    0.0000190600
   0.0067947900    0.0002830800    0.0071898100
  -0.0068018000    0.0000388600    0.0069461400
   0.0032743100   -0.0002483600    0.0041386400
   0.0026998900   -0.0045067800    0.0084209000
   0.0070585200   -0.0000424800   -0.0072128000
  -0.0070625500   -0.0006711200   -0.0066089300
   0.0034207500    0.0000686500   -0.0041580600
  -0.0034235100    0.0003314800   -0.0039020900
  -0.0004714100    0.0075019700    0.0073129600
   0.0004667800    0.0039118400    0.0042057200
  -0.0006207100   -0.0075014400    0.0069968600
   0.0064436300   -0.0082616500   -0.0004765500
  -0.0001897100    0.0072111700   -0.0072931100
   0.0002107600    0.0032133400   -0.0045626400
  -0.0004581400   -0.0071936200   -0.0070007600
   0.0004765300   -0.0035637500   -0.0038602400
  -0.0000515800   -0.0000577800   -0.0000556200
  -0.0058728900    0.0044568700    0.0044579900
   0.0048632400   -0.0058734600    0.0044533700
  -0.0482863300   -0.0062952200    0.0037178500
   0.0046240100    0.0044536000   -0.0058755200
  -0.0071029300    0.0034397200   -0.0054152200
   0.0034528600   -0.0054152900   -0.0054069000
   0.0031301400    0.0031348000    0.0031350100
   0.0058684600    0.0044548200    0.0044605500
   0.0000517800   -0.0000592900   -0.0000503800
   0.0155052500   -0.0054095200    0.0034421400
   0.0055351500   -0.0058555600    0.0044539200
   0.0061706600    0.0034418600   -0.0054144200
  -0.0037034800    0.0044507500   -0.0058773900
  -0.0031464700    0.0031293800    0.0031361200
  -0.0034457300   -0.0054126300   -0.0054090400
   0.0046939500    0.0058748800    0.0048177700
  -0.0078674800    0.0054280500    0.0022068100
   0.0001848400    0.0000499900   -0.0004174500
  -0.0082807600   -0.0044898800    0.0057118800
   0.0035192300    0.0054162400   -0.0054929300
   0.0025490500   -0.0031373300    0.0035031300
   0.0045319900   -0.0044538700   -0.0057893500
  -0.0059913900   -0.0034380100   -0.0057814900
   0.0062793900    0.0063239500    0.0028278900
  -0.0035913300    0.0049628800    0.0038405100
   0.0067340100   -0.0053608600    0.0050632800
   0.0008930800    0.0009510700    0.0005534800
  -0.0028930800   -0.0034717800    0.0032784400
  -0.0031937400    0.0057502900   -0.0052731200
   0.0056543200   -0.0030991700   -0.0055553100
  -0.0042147300   -0.0047894500   -0.0060143000
   0.0045343100    0.0045320100    0.0058740400
  -0.0059914000    0.0030681500    0.0054132400
   0.0036803000   -0.0057814800    0.0054101800
   0.0007142800    0.0043712400   -0.0031401600
   0.0000170900   -0.0001373200    0.0000530000
  -0.0064543800    0.0048222700   -0.0044582200
   0.0046964200   -0.0055056500   -0.0044557500
  -0.0078615100   -0.0066514800   -0.0034209100
   0.0056543100    0.0032955700    0.0057505600
  -0.0042136100    0.0043124800    0.0055321300
  -0.0022730700    0.0037393600   -0.0040416000
  -0.0025752100   -0.0048064700    0.0063114600
   0.0061206400    0.0045965100   -0.0047963900
   0.0002992800    0.0000901000    0.0003878300
   0.0062818600   -0.0060290000   -0.0025230700
  -0.0035822100   -0.0064595300   -0.0053504800
   0.0036060700    0.0055545600    0.0052725000
   0.0013756200   -0.0037473800   -0.0025244400
   0.0046138800   -0.0043112800    0.0060168100
  -0.0071627200   -0.0040447700    0.0048051200
   0.0046164100    0.0057373500   -0.0045938300
  -0.0071857300    0.0060257700   -0.0028216800
   0.0001054300   -0.0000868600    0.0001898200
  -0.0076359100   -0.0038244100   -0.0050803000
  -0.0032921700   -0.0030594300   -0.0032122400
  -0.0017558400    0.0051065700    0.0057245100
   0.0070950900   -0.0037495600    0.0051010300
  -0.0046114300   -0.0043809000    0.0059479300
   0.0071074700    0.0057252000   -0.0031319200
  -0.0046108300    0.0057969700   -0.0045273300
   0.0057144900   -0.0045332600   -0.0043784400
   0.0017316500    0.0003237700   -0.0002547900

36   
 -0.0100000000000000   0.0000000000000000   0.0000000000000000
   0.0003836000    0.0002005800    0.0000625200
  -0.0004705100    0.0000252300    0.0003230400
   0.0006096700   -0.0002448800   -0.0002538200
  -0.0068610100   -0.0048132600   -0.0047597800
   0.0001853000   -0.0000394200   -0.0000394400
  -0.0001998900   -0.0006805700   -0.0006635200
   0.0004669100    0.0000677300    0.0002687400
  -0.0004625800    0.0003180600    0.0000199600
   0.0077080900    0.0074941400   -0.0000802100
  -0.0077336200    0.0072721000   -0.0003380000
   0.0078543000   -0.0074898600    0.0002497000
  -0.0142719700   -0.0121345400    0.0049382100
   0.0040751400    0.0038492700    0.0000384600
  -0.0040936700    0.0032170900    0.0006631400
   0.0043375700   -0.0038167200   -0.0002596700
  -0.0043521200   -0.0035629100   -0.0000214100
   0.0077054700   -0.0002792300    0.0073107400
  -0.0077031500   -0.0000411800    0.0075553800
   0.0045009000    0.0002482700    0.0036365600
  -0.0103656700    0.0043648300   -0.0005029100
   0.0074441300    0.0000428600   -0.0072889800
  -0.0074417900    0.0006709100   -0.0078924700
   0.0043527700   -0.0000674100   -0.0036207100
  -0.0043547700   -0.0003314400   -0.0038705900
   0.0004731200    0.0069960000    0.0071877000
  -0.0004634000    0.0038654000    0.0035693600
   0.0006206300   -0.0070002100    0.0075047900
  -0.0065504500    0.0006277600    0.0083930000
   0.0001887300    0.0072901000   -0.0072086700
  -0.0002079200    0.0045619400   -0.0032120000
   0.0004597500   -0.0073090500   -0.0075047000
  -0.0004731300   -0.0042111700   -0.0039124400
  -0.0000446800   -0.0000385600   -0.0000405900
  -0.0058771300    0.0044533500    0.0044523000
   0.0040470500   -0.0058766100    0.0044569400
   0.0374669200   -0.0045303800    0.0031798300
   0.0042860900    0.0044564700   -0.0058745700
  -0.0037199300    0.0034430700   -0.0054074700
   0.0034299600   -0.0054075500   -0.0054157800
   0.0031423700    0.0031376800    0.0031374600
   0.0058787300    0.0044553800    0.0044496500
   0.0000473300   -0.0000374000   -0.0000461700
  -0.0049375700   -0.0054135000    0.0034404500
  -0.0141988500   -0.0058949200    0.0044568500
   0.0046515700    0.0034408900   -0.0054083900
  -0.0052058100    0.0044593100   -0.0058726100
  -0.0031288700    0.0031430500    0.0031363600
  -0.0034340600   -0.0054101600   -0.0054137800
   0.0042162600    0.0058730100    0.0040924100
  -0.0029554700    0.0054320300    0.0046758400
  -0.0002815200    0.0000484000    0.0003210000
  -0.0034693900   -0.0044562800    0.0031985000
   0.0033635300    0.0054102100   -0.0053299100
   0.0037234100   -0.0031361900    0.0027693900
   0.0043781200   -0.0044597800   -0.0059606500
  -0.0048314300   -0.0034437100   -0.0050413400
   0.0045415500    0.0044978600    0.0040503600
  -0.0053167600    0.0067861100    0.0050741200
   0.0050141600   -0.0035482900    0.0038514100
  -0.0007940500   -0.0008529600   -0.0006533900
  -0.0033809000   -0.0028009700    0.0029953100
  -0.0036873300    0.0050722700   -0.0055510700
   0.0051670100   -0.0037832300   -0.0052688900
  -0.0046937000   -0.0041203600   -0.0057345200
   0.0043758100    0.0043781000    0.0058724300
  -0.0048314400    0.0038145800    0.0054107600
   0.0032024700   -0.0050413700    0.0054149300
   0.0055579800    0.0019011900   -0.0031681400
  -0.0001137900    0.0000405300    0.0000468600
  -0.0052956500    0.0040879700   -0.0044530300
   0.0042138400   -0.0062443800   -0.0044565700
  -0.0029611500   -0.0041712800   -0.0034241000
   0.0051670000    0.0035859400    0.0050725500
  -0.0046947700    0.0045988100    0.0062182400
  -0.0040013000    0.0025377200   -0.0022298300
  -0.0043053600   -0.0060209600    0.0045125000
   0.0056279300    0.0043149400   -0.0041142300
  -0.0002010000   -0.0001875900   -0.0002916500
   0.0045391400   -0.0047985400   -0.0043606600
  -0.0053262900   -0.0052856300   -0.0035606800
   0.0032750500    0.0052680500    0.0055505500
   0.0048940900   -0.0025269400   -0.0037462000
   0.0042978500   -0.0045985700    0.0057334800
  -0.0036575000   -0.0028360800    0.0060196100
   0.0042954300    0.0060125400   -0.0043166600
  -0.0036346700    0.0047953300   -0.0040628500
  -0.0002033000    0.0001837900   -0.0000936000
  -0.0041164100   -0.0050841500   -0.0038317000
  -0.0029809500   -0.0032130800   -0.0030601700
  -0.0051237700    0.0057217700    0.0050927300
   0.0037248400   -0.0031387200    0.0057162200
  -0.0042978900   -0.0045291000    0.0058021700
   0.0037125000    0.0051031700   -0.0037456200
  -0.0042985800    0.0059530600   -0.0043829900
   0.0060349100   -0.0043768900   -0.0045318600
  -0.0016320700   -0.0002328600    0.0003564900

36   
  0.0000000000000000   0.0000000000000000   0.0100000000000000
   0.0006015700    0.0006015700    0.0001850500
  -0.0003230000   -0.0000235900    0.0004679000
  -0.0000235900   -0.0003230000    0.0004679000
   0.0046890900    0.0046890900    0.0066824400
   0.0000401300    0.0000401300   -0.0001930100
  -0.0000656800   -0.0002610100   -0.0004565200
  -0.0002610100   -0.0000656800   -0.0004565200
   0.0002468700    0.0002468700   -0.0006173600
   0.0066146800    0.0066146800    0.0002151800
  -0.0069216600    0.0072744900    0.0004812800
   0.0072744900   -0.0069216600    0.0004812800
  -0.0122706500   -0.0122706500    0.0068984600
   0.0038467200    0.0038467200   -0.0001941600
  -0.0038166300    0.0041417400   -0.0004625200
   0.0041417400   -0.0038166300   -0.0004625200
  -0.0041348500   -0.0041348500   -0.0006115800
   0.0079103500   -0.0007046200    0.0074477100
  -0.0075618700    0.0000057800    0.0076984600
   0.0038679200    0.0003180900    0.0043554100
   0.0006682400   -0.0045216900    0.0105131100
   0.0072869900   -0.0000403400   -0.0074375300
  -0.0073076400    0.0002663400   -0.0076969500
   0.0036279200    0.0000661000   -0.0043458300
  -0.0036274000   -0.0002620300   -0.0045187300
  -0.0007046200    0.0079103500    0.0074477100
   0.0003180900    0.0038679200    0.0043554100
   0.0000057800   -0.0075618700    0.0076984600
  -0.0045216900    0.0006682400    0.0105131100
  -0.0000403400    0.0072869900   -0.0074375300
   0.0000661000    0.0036279200   -0.0043458300
   0.0002663400   -0.0073076400   -0.0076969500
  -0.0002620300   -0.0036274000   -0.0045187300
  -0.0000405000   -0.0000405000   -0.0017156600
  -0.0058719500    0.0044588000    0.0044405800
   0.0044588000   -0.0058719500    0.0044405800
  -0.0051476600   -0.0051476600   -0.0393219700
   0.0044550800    0.0044550800   -0.0057037300
  -0.0054130700    0.0034427100   -0.0053998900
   0.0034427100   -0.0054130700   -0.0053998900
   0.0031358100    0.0031358100    0.0035457400
   0.0058718000    0.0048255800    0.0038635900
   0.0000527600   -0.0004185200   -0.0006247100
   0.0054290100   -0.0066458000    0.0009708100
  -0.0044759000   -0.0046342500    0.0020215900
   0.0054127100    0.0033590200   -0.0053335500
  -0.0044559900    0.0045381300   -0.0057966200
  -0.0031317300    0.0035072200    0.0033760300
  -0.0034460200   -0.0057846200   -0.0051724600
   0.0048255800    0.0058718000    0.0038635900
  -0.0066458000    0.0054290100    0.0009708100
  -0.0004185200    0.0000527600   -0.0006247100
  -0.0046342500   -0.0044759000    0.0020215900
   0.0033590200    0.0054127100   -0.0053335500
   0.0035072200   -0.0031317300    0.0033760300
   0.0045381300   -0.0044559900   -0.0057966200
  -0.0057846200   -0.0034460200   -0.0051724600
   0.0060216700    0.0060216700    0.0016832900
  -0.0038461500    0.0052640800    0.0026919600
   0.0052640800   -0.0038461500    0.0026919600
  -0.0005146500   -0.0005146500   -0.0017459600
  -0.0032747800   -0.0032747800    0.0032980800
  -0.0035868400    0.0055565800   -0.0052467400
   0.0055565800   -0.0035868400   -0.0052467400
  -0.0043151100   -0.0043151100   -0.0057155600
   0.0044489600    0.0044489600    0.0066384500
  -0.0054142600    0.0034470700    0.0054071400
   0.0034470700   -0.0054142600    0.0054071400
   0.0031582900    0.0031582900    0.0069081100
  -0.0000512100   -0.0000512100    0.0007735400
  -0.0058747600    0.0044539600   -0.0044572800
   0.0044539600   -0.0058747600   -0.0044572800
  -0.0054125700   -0.0054125700    0.0066503900
   0.0057533300    0.0035862600    0.0056590800
  -0.0047879400    0.0043194300    0.0061157900
  -0.0040397200    0.0025285000   -0.0022679000
  -0.0025447300   -0.0048093700    0.0062776000
   0.0055322300    0.0045987000   -0.0042059700
   0.0003883300   -0.0001918600    0.0002863600
   0.0063297500   -0.0060342100   -0.0025619300
  -0.0053850500   -0.0052632600   -0.0035761700
   0.0035862600    0.0057533300    0.0056590800
   0.0025285000   -0.0040397200   -0.0022679000
   0.0043194300   -0.0047879400    0.0061157900
  -0.0048093700   -0.0025447300    0.0062776000
   0.0045987000    0.0055322300   -0.0042059700
  -0.0060342100    0.0063297500   -0.0025619300
  -0.0001918600    0.0003883300    0.0002863600
  -0.0052632600   -0.0053850500   -0.0035761700
  -0.0032101300   -0.0032101300   -0.0032900000
  -0.0031365600    0.0051087700    0.0070969000
   0.0051087700   -0.0031365600    0.0070969000
  -0.0043808100   -0.0043808100    0.0057162500
   0.0057209300    0.0057209300   -0.0017586800
  -0.0045353400    0.0059515900   -0.0046074600
   0.0059515900   -0.0045353400   -0.0046074600
  -0.0002120700   -0.0002120700    0.0016676000

36   
  0.0000000000000000   0.0000000000000000  -0.0100000000000000
  -0.0006018400   -0.0006018400   -0.0001821900
   0.0003229600    0.0000213100   -0.0004645300
   0.0000213100    0.0003229600   -0.0004645300
  -0.0048353600   -0.0048353600   -0.0067934000
  -0.0000397700   -0.0000397700    0.0001919700
   0.0000669000    0.0002649100    0.0004581100
   0.0002649100    0.0000669000    0.0004581100
  -0.0002470200   -0.0002470200    0.0006171600
   0.0078876100    0.0078876100   -0.0002118600
  -0.0075801500    0.0072295100   -0.0004777900
   0.0072295100   -0.0075801500   -0.0004777900
  -0.0020785000   -0.0020785000   -0.0070177800
   0.0039279100    0.0039279100    0.0001931000
  -0.0039595300    0.0036294600    0.0004639100
   0.0036294600   -0.0039595300    0.0004639100
  -0.0036399300   -0.0036399300    0.0006113500
   0.0065918000    0.0007040700    0.0070512500
  -0.0069400700   -0.0000083300    0.0067998800
   0.0039094500   -0.0003180500    0.0034162900
  -0.0083000000    0.0043793000   -0.0026284900
   0.0072143600    0.0000407100   -0.0070629500
  -0.0071951300   -0.0002624500   -0.0068063300
   0.0041434700   -0.0000649800   -0.0034304900
  -0.0041473900    0.0002616400   -0.0032562300
   0.0007040700    0.0065918000    0.0070512500
  -0.0003180500    0.0039094500    0.0034162900
  -0.0000083300   -0.0069400700    0.0067998800
   0.0043793000   -0.0083000000   -0.0026284900
   0.0000407100    0.0072143600   -0.0070629500
  -0.0000649800    0.0041434700   -0.0034304900
  -0.0002624500   -0.0071951300   -0.0068063300
   0.0002616400   -0.0041473900   -0.0032562300
  -0.0000558100   -0.0000558100    0.0016191400
  -0.0058781000    0.0044513800    0.0044696800
   0.0044513800   -0.0058781000    0.0044696800
  -0.0056855100   -0.0056855100    0.0462181000
   0.0044549700    0.0044549700   -0.0060462800
  -0.0054097100    0.0034400000   -0.0054228000
   0.0034400000   -0.0054097100   -0.0054228000
   0.0031366800    0.0031366800    0.0027269300
   0.0058772600    0.0040845800    0.0050465700
   0.0000446300    0.0003217400    0.0005279800
   0.0054306900   -0.0041767800    0.0059120800
  -0.0044695800   -0.0071160700    0.0068885800
   0.0054136900    0.0035236400   -0.0054892600
  -0.0044576500    0.0043719500   -0.0059533600
  -0.0031428400    0.0027653700    0.0028965100
  -0.0034345700   -0.0050382400   -0.0056502900
   0.0040845800    0.0058772600    0.0050465700
  -0.0041767800    0.0054306900    0.0059120800
   0.0003217400    0.0000446300    0.0005279800
  -0.0071160700   -0.0044695800    0.0068885800
   0.0035236400    0.0054136900   -0.0054892600
   0.0027653700   -0.0031428400    0.0028965100
   0.0043719500   -0.0044576500   -0.0059533600
  -0.0050382400   -0.0034345700   -0.0056502900
   0.0047992200    0.0047992200    0.0052023600
  -0.0050622100    0.0064841900    0.0062154900
   0.0064841900   -0.0050622100    0.0062154900
   0.0006133200    0.0006133200    0.0016523400
  -0.0029978600   -0.0029978600    0.0029760900
  -0.0032957400    0.0052661200   -0.0055777600
   0.0052661200   -0.0032957400   -0.0055777600
  -0.0045947600   -0.0045947600   -0.0060327800
   0.0044610900    0.0044610900    0.0051124700
  -0.0054085700    0.0034356200    0.0054188200
   0.0034356200   -0.0054085700    0.0054188200
   0.0031147200    0.0031147200   -0.0129334600
  -0.0000456400   -0.0000456400   -0.0006777100
  -0.0058752600    0.0044561800   -0.0044557200
   0.0044561800   -0.0058752600   -0.0044557200
  -0.0054093800   -0.0054093800   -0.0137880300
   0.0050692800    0.0032952600    0.0051654800
  -0.0041218600    0.0045918600    0.0056360300
  -0.0022338300    0.0037484800   -0.0040024600
  -0.0043368400   -0.0060180600    0.0045474500
   0.0062175700    0.0043126400   -0.0047058800
  -0.0002912200    0.0000943300   -0.0001913900
   0.0044921600   -0.0047930300   -0.0043228600
  -0.0035247200   -0.0064817100   -0.0053358500
   0.0032952600    0.0050692800    0.0051654800
   0.0037484800   -0.0022338300   -0.0040024600
   0.0045918600   -0.0041218600    0.0056360300
  -0.0060180600   -0.0043368400    0.0045474500
   0.0043126400    0.0062175700   -0.0047058800
  -0.0047930300    0.0044921600   -0.0043228600
   0.0000943300   -0.0002912200   -0.0001913900
  -0.0064817100   -0.0035247200   -0.0053358500
  -0.0030623800   -0.0030623800   -0.0029817000
  -0.0037516600    0.0057196000    0.0037289700
   0.0057196000   -0.0037516600    0.0037289700
  -0.0045291900   -0.0045291900    0.0060345800
   0.0051072300    0.0051072300   -0.0051274700
  -0.0043748000    0.0057984800   -0.0043035500
   0.0057984800   -0.0043748000   -0.0043035500
   0.0003027600    0.0003027600   -0.0015731100

40   
  0.0100000000000000   0.0000000000000000   0.0000000000000000
  -0.0001641400    0.0000334000    0.0000334000
   0.0002151000    0.0006749600    0.0006749600
  -0.0004590300   -0.0000703200   -0.0002655600
   0.0004646500   -0.0003225300   -0.0000215200
  -0.0004590300   -0.0002655600   -0.0000703200
   0.0004646500   -0.0000215200   -0.0003225300
  -0.0006240600    0.0002513200    0.0002513200
   0.0065046700    0.0044129700    0.0044129700
   0.0070600000    0.0072949100   -0.0000376200
  -0.0070310500    0.0079153100   -0.0006985600
   0.0067917600   -0.0073363100    0.0002817900
  -0.0067810000   -0.0075856100    0.0000246800
   0.0034250800    0.0036218300    0.0000719200
  -0.0034243900    0.0038638800    0.0003227500
   0.0032737300   -0.0036374800   -0.0002476400
   0.0027529600    0.0007469900   -0.0046326000
   0.0070600000   -0.0000376200    0.0072949100
  -0.0070310500   -0.0006985600    0.0079153100
   0.0034250800    0.0000719200    0.0036218300
  -0.0034243900    0.0003227500    0.0038638800
   0.0067917600    0.0002817900   -0.0073363100
  -0.0067810000    0.0000246800   -0.0075856100
   0.0032737300   -0.0002476400   -0.0036374800
   0.0027529600   -0.0046326000    0.0007469900
  -0.0001909700    0.0072150700    0.0072150700
   0.0002162300    0.0032148200    0.0032148200
  -0.0004652600   -0.0071818700    0.0075078600
   0.0004704700   -0.0035635200    0.0039088500
  -0.0004652600    0.0075078600   -0.0071818700
   0.0004704700    0.0039088500   -0.0035635200
  -0.0006264200   -0.0074973100   -0.0074973100
   0.0065695400   -0.0083680500   -0.0083680500
   0.0001200700   -0.0000500300   -0.0000500300
  -0.0075773000    0.0044475400    0.0044475400
   0.0044691900   -0.0058728400    0.0044499800
  -0.0054175400   -0.0054128400    0.0034409600
   0.0044691900    0.0044499800   -0.0058728400
  -0.0054175400    0.0034409600   -0.0054128400
   0.0038507400   -0.0054126200   -0.0054126200
  -0.0390138000    0.0032398000    0.0032398000
   0.0066341100    0.0044540000    0.0044540000
   0.0008104700   -0.0000400900   -0.0000400900
   0.0054011000   -0.0054108400    0.0034357900
  -0.0044633000   -0.0058710600    0.0044546200
   0.0054011000    0.0034357900   -0.0054108400
  -0.0044633000    0.0044546200   -0.0058710600
   0.0067165900    0.0031335000    0.0031335000
   0.0066028600   -0.0054256200   -0.0054256200
   0.0045327400    0.0058770700    0.0043722700
  -0.0059986100    0.0054177200    0.0038123000
   0.0000256400    0.0000471800    0.0000308400
  -0.0064569500   -0.0044510000    0.0040889700
   0.0036810900    0.0054104500   -0.0050445700
   0.0007003100   -0.0031154700    0.0018974900
   0.0046926700   -0.0044486100   -0.0062459100
  -0.0078332100   -0.0034810600   -0.0041763500
   0.0056545000    0.0050758600    0.0035803700
  -0.0042085600    0.0062150800    0.0045926500
   0.0061210200   -0.0041190600    0.0043121400
   0.0002933900   -0.0002852000   -0.0001913300
  -0.0022694400   -0.0022309600    0.0025220200
  -0.0025730700    0.0045049700   -0.0060200800
   0.0062744600   -0.0043437500   -0.0047989800
  -0.0035860900   -0.0035462900   -0.0052622900
   0.0045327400    0.0043722700    0.0058770700
  -0.0059986100    0.0038123000    0.0054177200
   0.0036810900   -0.0050445700    0.0054104500
   0.0007003100    0.0018974900   -0.0031154700
   0.0000256400    0.0000308400    0.0000471800
  -0.0064569500    0.0040889700   -0.0044510000
   0.0046926700   -0.0062459100   -0.0044486100
  -0.0078332100   -0.0041763500   -0.0034810600
   0.0056545000    0.0035803700    0.0050758600
  -0.0042085600    0.0045926500    0.0062150800
  -0.0022694400    0.0025220200   -0.0022309600
  -0.0025730700   -0.0060200800    0.0045049700
   0.0061210200    0.0043121400   -0.0041190600
   0.0002933900   -0.0001913300   -0.0002852000
   0.0062744600   -0.0047989800   -0.0043437500
  -0.0035860900   -0.0052622900   -0.0035462900
   0.0036031800    0.0052697000    0.0052697000
   0.0013729400   -0.0025252400   -0.0025252400
   0.0046170900   -0.0045921400    0.0060149600
  -0.0071720300   -0.0028304000    0.0048096500
   0.0046170900    0.0060149600   -0.0045921400
  -0.0071720300    0.0048096500   -0.0028304000
   0.0001162600    0.0001898900    0.0001898900
  -0.0076406400   -0.0050675700   -0.0050675700
  -0.0014481900   -0.0028200000   -0.0028200000
  -0.0035951800    0.0053353300    0.0053353300
   0.0052554200   -0.0035152400    0.0054881900
  -0.0027748200   -0.0041445800    0.0055716700
   0.0052554200    0.0054881900   -0.0035152400
  -0.0027748200    0.0055716700   -0.0041445800
   0.0075704800   -0.0047669500   -0.0047669500
  -0.0001084300    0.0001292000    0.0001292000

40   
 -0.0100000000000000   0.0000000000000000   0.0000000000000000
   0.0001632400   -0.0000331000   -0.0000331000
  -0.0002122600   -0.0006754100   -0.0006754100
   0.0004604900    0.0000715400    0.0002692900
  -0.0004613800    0.0003225200    0.0000191100
   0.0004604900    0.0002692900    0.0000715400
  -0.0004613800    0.0000191100    0.0003225200
   0.0006238700   -0.0002514900   -0.0002514900
  -0.0066133600   -0.0045558800   -0.0045558800
   0.0074427200    0.0072065200    0.0000381100
  -0.0074735500    0.0065867600    0.0006980300
   0.0077085600   -0.0071665900   -0.0002779400
  -0.0077240000   -0.0069160900   -0.0000273600
   0.0043484200    0.0041494200   -0.0000707300
  -0.0043539500    0.0039134200   -0.0003227100
   0.0045014000   -0.0041373300    0.0002474800
  -0.0104191300   -0.0083780100    0.0044886900
   0.0074427200    0.0000381100    0.0072065200
  -0.0074735500    0.0006980300    0.0065867600
   0.0043484200   -0.0000707300    0.0041494200
  -0.0043539500   -0.0003227100    0.0039134200
   0.0077085600   -0.0002779400   -0.0071665900
  -0.0077240000   -0.0000273600   -0.0069160900
   0.0045014000    0.0002474800   -0.0041373300
  -0.0104191300    0.0044886900   -0.0083780100
   0.0001899100    0.0072863600    0.0072863600
  -0.0002134200    0.0045606300    0.0045606300
   0.0004667600   -0.0073210600    0.0069900800
  -0.0004671500   -0.0042115000    0.0038685100
   0.0004667600    0.0069900800   -0.0073210600
  -0.0004671500    0.0038685100   -0.0042115000
   0.0006263500   -0.0070043000   -0.0070043000
  -0.0066787300    0.0007373500    0.0007373500
  -0.0002164500   -0.0000464900   -0.0000464900
  -0.0041727300    0.0044626900    0.0044626900
   0.0044409500   -0.0058772000    0.0044602200
  -0.0054052900   -0.0054099600    0.0034418300
   0.0044409500    0.0044602200   -0.0058772000
  -0.0054052900    0.0034418300   -0.0054099600
   0.0030319600   -0.0054101600   -0.0054101600
   0.0452892000    0.0030323800    0.0030323800
   0.0051152100    0.0044561400    0.0044561400
  -0.0007134400   -0.0000566400   -0.0000566400
   0.0054187300   -0.0054119900    0.0034469000
  -0.0044438800   -0.0058790300    0.0044555200
   0.0054187300    0.0034469000   -0.0054119900
  -0.0044438800    0.0044555200   -0.0058790300
  -0.0132374100    0.0031390200    0.0031390200
  -0.0132386600   -0.0053976500   -0.0053976500
   0.0043773500    0.0058766000    0.0045378000
  -0.0048242200    0.0054040600    0.0030704100
  -0.0001225100    0.0000456800   -0.0001276200
  -0.0052931000   -0.0044580700    0.0048212500
   0.0032016000    0.0054102200   -0.0057782700
   0.0055721500   -0.0031209900    0.0043749500
   0.0042174200   -0.0044593300   -0.0055041700
  -0.0029894900   -0.0034375200   -0.0066464100
   0.0051667000    0.0057466700    0.0033035500
  -0.0046999700    0.0055346800    0.0043161700
   0.0056274000   -0.0047908700    0.0045967400
  -0.0001950400    0.0003822600    0.0000961200
  -0.0040051200   -0.0040426200    0.0037459200
  -0.0043076000    0.0063167500   -0.0047983300
   0.0045462600   -0.0025378600   -0.0060194300
  -0.0053220600   -0.0053627700   -0.0064924000
   0.0043773500    0.0045378000    0.0058766000
  -0.0048242200    0.0030704100    0.0054040600
   0.0032016000   -0.0057782700    0.0054102200
   0.0055721500    0.0043749500   -0.0031209900
  -0.0001225100   -0.0001276200    0.0000456800
  -0.0052931000    0.0048212500   -0.0044580700
   0.0042174200   -0.0055041700   -0.0044593300
  -0.0029894900   -0.0066464100   -0.0034375200
   0.0051667000    0.0033035500    0.0057466700
  -0.0046999700    0.0043161700    0.0055346800
  -0.0040051200    0.0037459200   -0.0040426200
  -0.0043076000   -0.0047983300    0.0063167500
   0.0056274000    0.0045967400   -0.0047908700
  -0.0001950400    0.0000961200    0.0003822600
   0.0045462600   -0.0060194300   -0.0025378600
  -0.0053220600   -0.0064924000   -0.0053627700
   0.0032812200    0.0055529300    0.0055529300
   0.0049022000   -0.0037491400   -0.0037491400
   0.0042913400   -0.0043178200    0.0057348900
  -0.0036535300   -0.0040503900    0.0060112800
   0.0042913400    0.0057348900   -0.0043178200
  -0.0036535300    0.0060112800   -0.0040503900
  -0.0002109400   -0.0000929700   -0.0000929700
  -0.0041068300   -0.0038407700   -0.0038407700
  -0.0048273900   -0.0034470400   -0.0034470400
  -0.0032868500    0.0054874000    0.0054874000
   0.0055666700   -0.0033674800    0.0053345400
  -0.0061321800   -0.0047708700    0.0061836600
   0.0055666700    0.0053345400   -0.0033674800
  -0.0061321800    0.0061836600   -0.0047708700
   0.0041762700   -0.0041486000   -0.0041486000
   0.0002054100   -0.0000326700   -0.0000326700
