  -0.00000   0.0000000e+00
   0.05227   1.2944323e-03
   0.10455   5.5056149e-03
   0.15682   1.3125367e-02
   0.20909   2.4645509e-02
   0.26137   4.0557861e-02
   0.31364   7.3039406e-02
   0.36591   1.0090017e-01
   0.41819   1.2831326e-01
   0.47046   1.6397072e-01
   0.52273   2.0692438e-01
   0.57500   2.6947988e-01
   0.62728   3.2813271e-01
   0.67955   3.8491777e-01
   0.73182   4.4622721e-01
   0.78410   5.1833056e-01
   0.83637   6.0069680e-01
   0.88864   6.9277808e-01
   0.94092   7.9243352e-01
   0.99319   9.0251594e-01
   1.04546   1.0585316e+00
   1.09774   1.2365169e+00
   1.15001   1.4948421e+00
   1.20228   1.5409501e+00
   1.25456   1.5731836e+00
   1.30683   1.6016018e+00
   1.35910   1.6446876e+00
   1.41138   1.6884107e+00
   1.46365   1.7218098e+00
   1.51592   1.7503883e+00
   1.56819   1.7869067e+00
   1.62047   1.8392623e+00
   1.67274   1.9028120e+00
   1.72501   1.9605641e+00
   1.77729   2.0482623e+00
   1.82956   2.0830475e+00
   1.88183   2.1271626e+00
   1.93411   4.8297042e+00
   1.98638   5.2218474e+00
   2.03865   6.6383480e+00
   2.09093   1.2671289e+01
   2.14320   1.0893101e+01
   2.19547   5.6566152e+00
   2.24775   4.3388519e+00
   2.30002   5.1972114e+00
   2.35229   9.1548639e+00
   2.40457   6.1882627e+00
   2.45684   2.6346778e+01
   2.50911   8.3444121e+00
   2.56138   6.6465033e+00
   2.61366   6.8546388e+00
   2.66593   8.3992171e+00
   2.71820   1.3635475e+01
   2.77048   7.9858317e+00
   2.82275   9.8910295e+00
   2.87502   1.4322843e+01
   2.92730   1.5151945e+01
   2.97957   1.4614711e+01
   3.03184   2.1118043e+01
   3.08412   2.1974343e+01
   3.13639   2.7127316e+01
   3.18866   4.3760207e+01
   3.24094   2.9612716e+01
   3.29321   2.8191630e+01
   3.34548   2.8047869e+01
   3.39776   3.3369050e+01
   3.45003   3.3361143e+01
   3.50230   3.2410132e+01
   3.55457   3.1958643e+01
   3.60685   4.2433985e+01
   3.65912   3.7408861e+01
   3.71139   3.6600566e+01
   3.76367   3.5194702e+01
   3.81594   3.2770431e+01
   3.86821   3.0793193e+01
   3.92049   3.1222872e+01
   3.97276   2.8250620e+01
   4.02503   2.7341390e+01
   4.07731   3.2602731e+01
   4.12958   2.6720843e+01
   4.18185   2.8571816e+01
   4.23413   4.1133277e+01
   4.28640   4.5200675e+01
   4.33867   3.2850070e+01
   4.39095   3.6031819e+01
   4.44322   4.2412258e+01
   4.49549   2.1844380e+01
   4.54776   1.6969146e+01
   4.60004   2.4978725e+01
   4.65231   2.2491605e+01
   4.70458   2.6170199e+01
   4.75686   4.5655786e+01
   4.80913   4.3687248e+01
   4.86140   3.4487123e+01
   4.91368   2.9576781e+01
   4.96595   3.2254551e+01
   5.01822   2.9974684e+01
   5.07050   3.8898927e+01
   5.12277   2.2047631e+01
   5.17504   4.7803632e+01
   5.22732   3.2035069e+01
   5.27959   3.2752363e+01
   5.33186   4.2246966e+01
   5.38414   3.2647292e+01
   5.43641   4.6873044e+01
   5.48868   4.4149904e+01
   5.54095   3.6727729e+01
   5.59323   4.9804599e+01
   5.64550   3.9156183e+01
   5.69777   5.0895707e+01
   5.75005   4.5766385e+01
   5.80232   5.1860626e+01
   5.85459   5.0535204e+01
   5.90687   4.7745895e+01
   5.95914   5.3014488e+01
   6.01141   4.3210888e+01
   6.06369   4.4299539e+01
   6.11596   6.0695679e+01
   6.16823   6.2911279e+01
   6.22051   6.5439107e+01
   6.27278   5.3492598e+01
   6.32505   5.2232412e+01
   6.37733   6.1783705e+01
   6.42960   5.7903894e+01
   6.48187   5.5962789e+01
   6.53414   4.8117119e+01
   6.58642   5.5026673e+01
   6.63869   4.9629439e+01
   6.69096   5.1388714e+01
   6.74324   4.8375049e+01
   6.79551   4.0742913e+01
   6.84778   4.3632689e+01
   6.90006   4.7968257e+01
   6.95233   4.2238331e+01
   7.00460   3.2972518e+01
   7.05688   2.8789457e+01
   7.10915   3.3435866e+01
   7.16142   1.8564022e+01
   7.21370   2.3934997e+01
   7.26597   2.9365022e+01
   7.31824   3.8015389e+01
   7.37052   3.6478912e+01
   7.42279   3.2762636e+01
   7.47506   4.3244984e+01
   7.52733   2.9704352e+01
   7.57961   2.8842490e+01
   7.63188   3.0270532e+01
   7.68415   4.0511158e+01
   7.73643   5.6999338e+01
   7.78870   4.9195499e+01
   7.84097   6.1711396e+01
   7.89325   6.9263066e+01
   7.94552   7.5500831e+01
   7.99779   8.3448435e+01
   8.05007   1.0950085e+02
   8.10234   1.2376457e+02
   8.15461   9.4208840e+01
   8.20689   1.0080848e+02
   8.25916   8.7712136e+01
   8.31143   6.7785749e+01
   8.36371   5.7223455e+01
   8.41598   4.5000764e+01
   8.46825   3.9677679e+01
   8.52052   3.3636720e+01
   8.57280   2.1469544e+01
   8.62507   7.0618878e+00
   8.67734   4.9447624e+00
   8.72962   6.9293741e+00
   8.78189   9.1963899e+00
   8.83416   1.2457196e+01
   8.88644   1.7493008e+01
   8.93871   1.9343600e+01
   8.99098   2.3561163e+01
   9.04326   2.6921662e+01
   9.09553   2.6668026e+01
   9.14780   2.9918878e+01
   9.20008   1.9900570e+01
   9.25235   3.7182178e+01
   9.30462   2.7409204e+01
   9.35690   2.4778697e+01
   9.40917   2.3899791e+01
   9.46144   2.6567535e+01
   9.51371   3.3888014e+01
   9.56599   3.5017702e+01
   9.61826   3.0665831e+01
   9.67053   2.2869718e+01
   9.72281   1.5368777e+01
   9.77508   1.5802353e+01
   9.82735   2.0033618e+01
   9.87963   1.3332562e+01
   9.93190   1.3955254e+01
   9.98417   1.4131516e+01
  10.03645   1.2730020e+01
  10.08872   1.0976056e+01
  10.14099   8.8426028e+00
  10.19327   7.7331802e+00
  10.24554   5.2618989e+00
  10.29781   4.6111300e+00
  10.35009   3.6948804e+00
  10.40236   0.0000000e+00
