96   
20   

1    
  0.0100000000000000   0.0000000000000000   0.0000000000000000
  -0.0739066600   -0.0000000000    0.0000000000
   0.0015681800    0.0023598000    0.0000000000
   0.0015681800   -0.0000000000    0.0023598000
  -0.0008770300   -0.0001030700   -0.0001030700
  -0.0003017800   -0.0000000000    0.0000000000
   0.0033712500    0.0037837400    0.0000000000
   0.0015681800   -0.0000000000   -0.0023598000
  -0.0008770300   -0.0001030700    0.0001030700
  -0.0003017800   -0.0000000000    0.0000000000
   0.0015681800   -0.0023598000    0.0000000000
   0.0033712500   -0.0000000000    0.0037837400
  -0.0008770300    0.0001030700   -0.0001030700
   0.0000487600   -0.0000000000    0.0000000000
   0.0033712500   -0.0037837400    0.0000000000
   0.0033712500   -0.0000000000   -0.0037837400
  -0.0008770300    0.0001030700    0.0001030700
   0.0007097500   -0.0000000000    0.0000000000
   0.0017660800   -0.0025520300    0.0000000000
   0.0017660800   -0.0000000000   -0.0025520300
   0.0002496500    0.0035166800    0.0035166800
   0.0022074300   -0.0000000000    0.0000000000
  -0.0036617900    0.0032514800    0.0000000000
   0.0017660800   -0.0000000000    0.0025520300
   0.0002496500    0.0035166800   -0.0035166800
   0.0022074300   -0.0000000000    0.0000000000
   0.0017660800    0.0025520300    0.0000000000
  -0.0036617900   -0.0000000000    0.0032514800
   0.0002496500   -0.0035166800    0.0035166800
   0.0003449200   -0.0000000000    0.0000000000
  -0.0036617900   -0.0032514800    0.0000000000
  -0.0036617900   -0.0000000000   -0.0032514800
   0.0002496500   -0.0035166800   -0.0035166800
   0.0096036000    0.0092908600    0.0092908600
  -0.0004453700    0.0028038400    0.0028038400
   0.0032086300   -0.0001321400    0.0025028100
   0.0011885600    0.0013747400    0.0031297500
   0.0032086300    0.0025028100   -0.0001321400
   0.0011885600    0.0031297500    0.0013747400
   0.0039168800    0.0016337300    0.0016337300
  -0.0001580700    0.0000416500    0.0000416500
   0.0032086300    0.0025028100    0.0001321400
   0.0011885600    0.0031297500   -0.0013747400
   0.0039168800    0.0016337300   -0.0016337300
  -0.0001580700    0.0000416500   -0.0000416500
   0.0096036000    0.0092908600   -0.0092908600
  -0.0004453700    0.0028038400   -0.0028038400
   0.0032086300   -0.0001321400   -0.0025028100
   0.0011885600    0.0013747400   -0.0031297500
   0.0032086300    0.0001321400    0.0025028100
   0.0011885600   -0.0013747400    0.0031297500
   0.0096036000   -0.0092908600    0.0092908600
  -0.0004453700   -0.0028038400    0.0028038400
   0.0039168800   -0.0016337300    0.0016337300
  -0.0001580700   -0.0000416500    0.0000416500
   0.0032086300   -0.0025028100   -0.0001321400
   0.0011885600   -0.0031297500    0.0013747400
   0.0039168800   -0.0016337300   -0.0016337300
  -0.0001580700   -0.0000416500   -0.0000416500
   0.0032086300   -0.0025028100    0.0001321400
   0.0011885600   -0.0031297500   -0.0013747400
   0.0032086300    0.0001321400   -0.0025028100
   0.0011885600   -0.0013747400   -0.0031297500
   0.0096036000   -0.0092908600   -0.0092908600
  -0.0004453700   -0.0028038400   -0.0028038400
  -0.0006109300    0.0027780400    0.0027780400
   0.0061215700   -0.0057055600   -0.0057055600
  -0.0019560900    0.0017718600    0.0043339600
  -0.0023756600    0.0002988800    0.0030783800
  -0.0019560900    0.0043339600    0.0017718600
  -0.0023756600    0.0030783800    0.0002988800
  -0.0001742200   -0.0000246900   -0.0000246900
  -0.0035527200    0.0015109700    0.0015109700
  -0.0019560900    0.0043339600   -0.0017718600
  -0.0023756600    0.0030783800   -0.0002988800
  -0.0001742200   -0.0000246900    0.0000246900
  -0.0035527200    0.0015109700   -0.0015109700
  -0.0006109300    0.0027780400   -0.0027780400
   0.0061215700   -0.0057055600    0.0057055600
  -0.0019560900    0.0017718600   -0.0043339600
  -0.0023756600    0.0002988800   -0.0030783800
  -0.0019560900   -0.0017718600    0.0043339600
  -0.0023756600   -0.0002988800    0.0030783800
  -0.0006109300   -0.0027780400    0.0027780400
   0.0061215700    0.0057055600   -0.0057055600
  -0.0001742200    0.0000246900   -0.0000246900
  -0.0035527200   -0.0015109700    0.0015109700
  -0.0019560900   -0.0043339600    0.0017718600
  -0.0023756600   -0.0030783800    0.0002988800
  -0.0001742200    0.0000246900    0.0000246900
  -0.0035527200   -0.0015109700   -0.0015109700
  -0.0019560900   -0.0043339600   -0.0017718600
  -0.0023756600   -0.0030783800   -0.0002988800
  -0.0019560900   -0.0017718600   -0.0043339600
  -0.0023756600   -0.0002988800   -0.0030783800
  -0.0006109300   -0.0027780400   -0.0027780400
   0.0061215700    0.0057055600    0.0057055600

2    
  0.0070710678118655   0.0000000000000000   0.0070710678118655
   0.0011808700    0.0017355400   -0.0006185700
  -0.0459617300   -0.0014326200   -0.0465219300
  -0.0008011400   -0.0019086300    0.0011975200
  -0.0005981200   -0.0001111800   -0.0006194000
  -0.0000968000    0.0002105800    0.0002336700
   0.0032857000    0.0035186600    0.0006203400
  -0.0007232500    0.0018299600    0.0013450700
   0.0031319300   -0.0000348300    0.0031538100
   0.0012972100   -0.0018281400   -0.0006790300
  -0.0003361500    0.0000917500   -0.0002477200
   0.0028386700    0.0018873900    0.0048405100
  -0.0003413000    0.0001044900   -0.0004395200
  -0.0000901900   -0.0001916000    0.0002362900
   0.0035198100   -0.0035550500    0.0016456100
   0.0028933300   -0.0019208200   -0.0021001200
   0.0001112100    0.0000851300    0.0002097900
   0.0013034500   -0.0018632800   -0.0006805400
   0.0006924800   -0.0000916800   -0.0002477900
   0.0003453500   -0.0002362800   -0.0002104400
   0.0031881600    0.0035000800    0.0067399400
  -0.0000998500   -0.0002114700    0.0002359400
  -0.0019375200    0.0035110300    0.0016457600
   0.0003262400    0.0002158100   -0.0000198000
  -0.0006281200    0.0035536100   -0.0039905800
   0.0012708200    0.0019006300   -0.0007918600
   0.0017462400    0.0001281500    0.0000290800
  -0.0032872100    0.0002183000    0.0034053500
   0.0001152000   -0.0035275500    0.0036247600
  -0.0001083700    0.0002191900    0.0002371200
  -0.0032567600   -0.0035205700    0.0002686700
  -0.0032795100   -0.0002150100   -0.0036160500
  -0.0003177900   -0.0035202700   -0.0038356700
   0.0030891200    0.0016226900    0.0030643900
   0.0077002500   -0.0035183900    0.0104988600
   0.0043588900   -0.0000433900    0.0042477400
   0.0103088600    0.0088539800    0.0124506500
   0.0030978000    0.0025415500   -0.0001828400
   0.0019197900    0.0039491100    0.0009557700
   0.0040456100    0.0018152700    0.0013126600
   0.0003604400   -0.0002112600   -0.0006093100
   0.0031440100    0.0025885100   -0.0006865400
   0.0018631200    0.0039585200   -0.0018342400
   0.0040552300    0.0017586500   -0.0021908900
   0.0003237300   -0.0002470200   -0.0002771100
   0.0098513600    0.0083463500    0.0070082600
   0.0015569000    0.0027429000   -0.0012891100
   0.0102562800   -0.0058303000    0.0046385500
   0.0029982000    0.0015035600   -0.0023991500
   0.0033553800   -0.0000879800    0.0033578100
   0.0016731000   -0.0019174000    0.0038382800
   0.0022559600   -0.0016968400    0.0022732500
   0.0001817100   -0.0024274700    0.0028957400
   0.0043700500   -0.0018124500    0.0011941700
  -0.0003285500   -0.0001459100   -0.0002712400
   0.0034242400   -0.0025413700   -0.0002902400
   0.0012317700   -0.0035855100    0.0012889400
   0.0033746000   -0.0014160500   -0.0018619100
   0.0006587300    0.0002497200   -0.0003863600
   0.0024782000   -0.0029275700   -0.0003557600
   0.0021820300   -0.0039603400   -0.0019373700
   0.0028848600    0.0002856200   -0.0026813900
   0.0021515200   -0.0015639600   -0.0031609300
   0.0017941300   -0.0020757700   -0.0016004100
   0.0006378600   -0.0027928800   -0.0022366200
  -0.0007043000    0.0030083800    0.0031396600
  -0.0019476500    0.0019413500    0.0020239300
  -0.0021752500    0.0013458700    0.0040875000
  -0.0030383000   -0.0001685000    0.0031149500
  -0.0020916400    0.0046985300    0.0010606200
  -0.0029201800    0.0028045000   -0.0000548100
  -0.0005294200   -0.0009568100   -0.0005022600
  -0.0038607200    0.0015502500    0.0014260700
  -0.0016954500    0.0037016100   -0.0017271300
  -0.0033071900    0.0018595500   -0.0005911500
  -0.0001345900    0.0000315300   -0.0001551400
  -0.0042359500    0.0024991100   -0.0020756300
  -0.0003301700    0.0025371600   -0.0024631800
  -0.0023270000    0.0014796500   -0.0013518800
  -0.0018221700    0.0018243500   -0.0034095200
  -0.0034032000    0.0002868800   -0.0024559100
  -0.0018378000   -0.0016870900    0.0034352600
  -0.0031635200    0.0001437400    0.0034076800
  -0.0003578600   -0.0026486100    0.0024674200
  -0.0020481800   -0.0019070800    0.0023109400
  -0.0001168800    0.0000495700   -0.0001008900
  -0.0038934600   -0.0015684300    0.0014084800
  -0.0016781400   -0.0037868300    0.0014664500
  -0.0029526900   -0.0027878100   -0.0000761400
  -0.0001706800   -0.0000034700   -0.0001683200
  -0.0038366500   -0.0016292100   -0.0016762800
  -0.0017389500   -0.0037300600   -0.0017335200
  -0.0028999700   -0.0027343600   -0.0001895400
  -0.0019528500   -0.0018013500   -0.0031338000
  -0.0030655600    0.0000460200   -0.0031149000
  -0.0004558500   -0.0025503900   -0.0021750100
  -0.0019458000   -0.0018039300   -0.0020177900

2    
 -0.0070710678118655   0.0000000000000000  -0.0070710678118655
  -0.0011789900   -0.0017370100    0.0006197600
   0.0457695100    0.0012283100    0.0465523400
   0.0006003800    0.0019061800   -0.0013984800
   0.0005975000   -0.0000882000    0.0004206200
   0.0000976300   -0.0002114500   -0.0002332200
   0.0037482700    0.0035152300   -0.0006206600
   0.0005252400   -0.0018318000   -0.0011438500
  -0.0031489000   -0.0001648700   -0.0029709800
  -0.0012960700    0.0018301600    0.0006808700
   0.0001370800    0.0001075200    0.0002478800
   0.0041943400   -0.0018854100    0.0021909700
   0.0003407500    0.0000947400    0.0002403600
   0.0000908700    0.0001921500   -0.0002359700
   0.0035142400   -0.0034781300   -0.0016464700
   0.0041421700    0.0019262000   -0.0049351300
  -0.0001110600    0.0001147500   -0.0000099000
  -0.0013051400    0.0018612000    0.0006793500
  -0.0004934100   -0.0001074300    0.0002478100
  -0.0001463400    0.0002355800    0.0000097200
  -0.0031722800    0.0035338200    0.0003098500
   0.0000989800    0.0002105700   -0.0002363100
  -0.0050962300    0.0035229500   -0.0016462600
  -0.0001260800   -0.0002166400    0.0002202200
   0.0006311300    0.0034805100   -0.0030448700
  -0.0012760600   -0.0019020700    0.0007903000
  -0.0015475000    0.0000706700   -0.0000294200
  -0.0037476400   -0.0002173500    0.0036272800
  -0.0001150000   -0.0035067900    0.0034087100
   0.0001075800   -0.0002186200   -0.0002378100
  -0.0037772800   -0.0035134700   -0.0002687600
  -0.0037542200    0.0002161700   -0.0034168000
   0.0003188500   -0.0035137800   -0.0031984300
   0.0003548300    0.0018300000    0.0002974300
  -0.0072535100    0.0087485200   -0.0046307400
   0.0012617000    0.0001635200    0.0012989200
  -0.0068558400   -0.0053280100   -0.0046702700
   0.0024846000    0.0030425900    0.0003483400
   0.0012252000    0.0035179600    0.0021888600
   0.0034188800    0.0013272800    0.0018320800
  -0.0003426500    0.0002258600    0.0006268200
   0.0024376000    0.0029963000    0.0005209500
   0.0012817200    0.0035081200   -0.0013103000
   0.0034092900    0.0013838900   -0.0009532800
  -0.0003067500    0.0002627500    0.0002606100
  -0.0067503300   -0.0053158300   -0.0107404700
  -0.0014288300    0.0028867100   -0.0042578500
  -0.0049621500    0.0063466500   -0.0105110600
   0.0001000200    0.0015901900   -0.0050312500
   0.0022269100   -0.0000754900    0.0022252900
   0.0014703600   -0.0012254400    0.0036268500
   0.0011486600   -0.0017101000    0.0011323200
  -0.0000168100   -0.0031559300    0.0026868300
   0.0030927200   -0.0013300500    0.0019502100
   0.0003472200    0.0001302100    0.0002890900
   0.0021569600   -0.0030427400    0.0004552200
   0.0019136100   -0.0038804800    0.0018561300
   0.0040901700   -0.0017276200   -0.0012827600
  -0.0006413200   -0.0002654900    0.0003701100
   0.0031027000   -0.0026561100    0.0001895300
   0.0009642600   -0.0035061100   -0.0012069500
   0.0026985600   -0.0004505400   -0.0029016400
   0.0009921100   -0.0015784900   -0.0043053900
   0.0016113600   -0.0013297000   -0.0018043600
  -0.0004721800   -0.0027915400   -0.0033465300
   0.0005395700    0.0025764600    0.0024439200
  -0.0014580400    0.0014648600    0.0013815200
  -0.0009680200    0.0017956100    0.0033786900
  -0.0025445400    0.0003322800    0.0024680700
  -0.0010507200    0.0027693800    0.0020857500
  -0.0026627300    0.0027796100    0.0002204900
   0.0005144300    0.0009707100    0.0005211600
  -0.0036044800    0.0015924900    0.0017185300
  -0.0014484700    0.0037653200   -0.0014171100
  -0.0022769400    0.0037263900    0.0004242800
   0.0001179700   -0.0000167200    0.0001382100
  -0.0032305400    0.0006417800   -0.0010705000
   0.0001650600    0.0030474000   -0.0031201900
  -0.0010780800    0.0019276800   -0.0020543300
  -0.0013214000    0.0013174300   -0.0040565700
  -0.0021796600   -0.0001238500   -0.0031278400
  -0.0013052800   -0.0014557800    0.0040334000
  -0.0024185700   -0.0003078100    0.0021772900
   0.0001932300   -0.0029348200    0.0031172800
  -0.0013561900   -0.0014990300    0.0010970600
   0.0001004500   -0.0000663900    0.0001181500
  -0.0035709900   -0.0015749800    0.0017355800
  -0.0014656000   -0.0036781200    0.0016783000
  -0.0026294900   -0.0027956300    0.0002411100
   0.0001535600   -0.0000125100    0.0001517200
  -0.0036285600   -0.0015148600   -0.0014684200
  -0.0014055200   -0.0037357200   -0.0014104100
  -0.0026829000   -0.0028483200    0.0000240100
  -0.0011913600   -0.0013410500   -0.0043349300
  -0.0025175900   -0.0002105500   -0.0024696000
   0.0002902100   -0.0030335800   -0.0034099700
  -0.0014601900   -0.0016022500   -0.0013900900

5    
  0.0070710678118655   0.0000000000000000   0.0070710678118655
  -0.0002102300   -0.0000000000    0.0005039800
  -0.0001973800    0.0001118100    0.0002333700
  -0.0006316900   -0.0000000000   -0.0006580600
  -0.0006792800   -0.0019278300    0.0012055900
  -0.0464127700   -0.0000000000   -0.0460007200
   0.0048309800    0.0053772200   -0.0006687700
   0.0030339300   -0.0000000000    0.0032739400
  -0.0006805900    0.0017304600    0.0014029400
   0.0000049700   -0.0000000000    0.0015890400
  -0.0001973800   -0.0001118100    0.0002333700
   0.0031948300   -0.0000000000    0.0032059700
  -0.0006792800    0.0019278300    0.0012055900
  -0.0002531400   -0.0000000000   -0.0002465200
   0.0048309800   -0.0053772200   -0.0006687700
   0.0036354000   -0.0000000000   -0.0033976300
  -0.0006805900   -0.0017304600    0.0014029400
   0.0015889600   -0.0000000000    0.0015890100
   0.0000027700   -0.0003102300    0.0002336600
   0.0032173600   -0.0000000000    0.0030589500
   0.0002425200    0.0032969500    0.0034219000
   0.0005912600   -0.0000000000   -0.0002465300
  -0.0022015600    0.0016590300   -0.0006674600
  -0.0004335100   -0.0000000000   -0.0004578900
   0.0002420800    0.0037378800   -0.0036131900
   0.0002531100   -0.0000000000    0.0002592100
   0.0000027700    0.0003102300    0.0002336600
  -0.0033983500   -0.0000000000    0.0036367200
   0.0002425200   -0.0032969500    0.0034219000
   0.0016033400   -0.0000000000   -0.0000088700
  -0.0022015600   -0.0016590300   -0.0006674600
  -0.0038396700   -0.0000000000   -0.0038276600
   0.0002420800   -0.0037378800   -0.0036131900
   0.0020232500    0.0014556100    0.0014463000
  -0.0000567100    0.0027827400    0.0026527300
   0.0034083500    0.0003115300    0.0024085500
   0.0014126100    0.0015723800    0.0035674300
   0.0042275300    0.0027798600    0.0015524600
   0.0013134800    0.0039757900    0.0018869800
   0.0042906700    0.0015658800    0.0021349500
  -0.0003666300   -0.0002300100    0.0006362700
   0.0110184700    0.0096105000    0.0080932500
   0.0009679900    0.0035184900   -0.0012186100
   0.0038333700    0.0012198300   -0.0014669300
  -0.0002664200   -0.0001305500   -0.0003338200
   0.0020432100    0.0014748900   -0.0023075700
  -0.0004126700    0.0018418400   -0.0033147100
   0.0024680300   -0.0000454400   -0.0030706600
   0.0014690200    0.0016280700   -0.0038404000
   0.0034083500   -0.0003115300    0.0024085500
   0.0014126100   -0.0015723800    0.0035674300
   0.0020232500   -0.0014556100    0.0014463000
  -0.0000567100   -0.0027827400    0.0026527300
   0.0042906700   -0.0015658800    0.0021349500
  -0.0003666300    0.0002300100    0.0006362700
   0.0042275300   -0.0027798600    0.0015524600
   0.0013134800   -0.0039757900    0.0018869800
   0.0038333700   -0.0012198300   -0.0014669300
  -0.0002664200    0.0001305500   -0.0003338200
   0.0110184700   -0.0096105000    0.0080932500
   0.0009679900   -0.0035184900   -0.0012186100
   0.0024680300    0.0000454400   -0.0030706600
   0.0014690200   -0.0016280700   -0.0038404000
   0.0020432100   -0.0014748900   -0.0023075700
  -0.0004126700   -0.0018418400   -0.0033147100
  -0.0005797000    0.0037378100    0.0022663100
  -0.0013622100    0.0019273100    0.0010963000
  -0.0016756900    0.0015163200    0.0036239200
  -0.0031165200    0.0002115400    0.0025112300
  -0.0021767700    0.0039441500    0.0019249000
   0.0051379000   -0.0036609800    0.0079632000
  -0.0002840600    0.0001483100   -0.0003187500
  -0.0036312200    0.0019252400    0.0016775300
  -0.0018311000    0.0034874000   -0.0012568000
  -0.0013160100    0.0027552500    0.0013483900
  -0.0003832400    0.0002482400    0.0006214600
  -0.0031744700    0.0015801200   -0.0010090500
  -0.0002221900    0.0027983900   -0.0029295700
  -0.0013818000    0.0019476300   -0.0019578900
  -0.0017314300    0.0015727700   -0.0038974700
  -0.0021764800   -0.0001449900   -0.0031744000
  -0.0016756900   -0.0015163200    0.0036239200
  -0.0031165200   -0.0002115400    0.0025112300
  -0.0005797000   -0.0037378100    0.0022663100
  -0.0013622100   -0.0019273100    0.0010963000
  -0.0002840600   -0.0001483100   -0.0003187500
  -0.0036312200   -0.0019252400    0.0016775300
  -0.0021767700   -0.0039441500    0.0019249000
   0.0051379000    0.0036609800    0.0079632000
  -0.0003832400   -0.0002482400    0.0006214600
  -0.0031744700   -0.0015801200   -0.0010090500
  -0.0018311000   -0.0034874000   -0.0012568000
  -0.0013160100   -0.0027552500    0.0013483900
  -0.0017314300   -0.0015727700   -0.0038974700
  -0.0021764800    0.0001449900   -0.0031744000
  -0.0002221900   -0.0027983900   -0.0029295700
  -0.0013818000   -0.0019476300   -0.0019578900

6    
  0.0070710678118655   0.0000000000000000   0.0070710678118655
  -0.0001014300    0.0001877900    0.0001779900
  -0.0003309400   -0.0000978800    0.0006206800
  -0.0007690600    0.0018778100    0.0011865900
   0.0032684400   -0.0001645900    0.0030120900
   0.0013156300    0.0018581100   -0.0006675100
  -0.0422053700    0.0030938700   -0.0454138300
  -0.0007330200   -0.0019324800    0.0013641100
  -0.0005341100   -0.0001275000   -0.0004684900
  -0.0001013800   -0.0002201000    0.0002425300
  -0.0000969300    0.0001054200    0.0016461400
   0.0028381800   -0.0018436900    0.0048118200
   0.0001116200    0.0001041800    0.0000120100
   0.0013419500   -0.0018482300   -0.0006535600
   0.0032733600   -0.0035173500   -0.0002385800
   0.0028278900    0.0018542800   -0.0022146400
  -0.0003221700    0.0001063900   -0.0002151900
  -0.0000962200   -0.0002155600    0.0002420700
   0.0016787300   -0.0000612400    0.0016458500
   0.0003324600    0.0002198900   -0.0001941200
  -0.0005499700    0.0035166300    0.0029623600
   0.0012876400   -0.0018724200   -0.0006547400
  -0.0029119100    0.0035173200   -0.0002385600
   0.0003343100   -0.0002134800   -0.0000093500
   0.0031552000    0.0035077600   -0.0003581700
  -0.0001033300    0.0002131900    0.0002306500
   0.0003598100    0.0000960600    0.0002685600
  -0.0032740000   -0.0002206700    0.0034135200
  -0.0003206600   -0.0035128500    0.0031978900
   0.0013158500    0.0018534900   -0.0006707100
  -0.0019106700   -0.0035101700    0.0000017700
  -0.0032803800    0.0002154800   -0.0036191000
   0.0001151400   -0.0035188100   -0.0034038600
   0.0020304400    0.0015152000    0.0010982600
   0.0003899200    0.0030373100    0.0025400800
   0.0031388000    0.0002811400    0.0021893900
   0.0018859200    0.0013269800    0.0034745500
   0.0107316300    0.0092709200    0.0079403500
   0.0030359100    0.0037298600    0.0030442100
   0.0113875900   -0.0045524400    0.0091594800
   0.0014162500   -0.0000171000    0.0014923300
   0.0042552500    0.0028324500    0.0013594100
   0.0094825400   -0.0027738000    0.0063107900
   0.0052513200    0.0015293100   -0.0001304100
   0.0080706800    0.0066769600    0.0080835200
   0.0020039500    0.0014884100   -0.0019566700
   0.0004374300    0.0030138800   -0.0033995600
   0.0031153300    0.0003287400   -0.0030490000
   0.0019144500    0.0013551100   -0.0043402100
   0.0024761100    0.0000510300    0.0025147400
   0.0021861800   -0.0013363700    0.0033542400
   0.0013734800   -0.0018462000    0.0014265700
   0.0006985300   -0.0030309200    0.0024057000
   0.0038397700   -0.0012185200    0.0016760400
   0.0005653400   -0.0000092800    0.0005691900
   0.0028941000   -0.0031478800    0.0001824600
   0.0021359200   -0.0037340100    0.0021373300
   0.0042888000   -0.0015691900   -0.0010186200
   0.0001086000   -0.0003595500    0.0000938000
   0.0033622000   -0.0027943500    0.0004780300
   0.0016667800   -0.0033633500   -0.0014657300
   0.0034133500   -0.0003090800   -0.0031646000
   0.0012492900   -0.0017056500   -0.0040091000
   0.0023124400   -0.0014682400   -0.0020710300
  -0.0002471200   -0.0026546200   -0.0030768700
  -0.0002261700    0.0027939500    0.0026507900
  -0.0022149700    0.0007549000    0.0012090500
  -0.0017063200    0.0015654700    0.0035860000
  -0.0033135600    0.0010373000    0.0022575000
  -0.0018305500    0.0034940400    0.0018839700
  -0.0034038100    0.0025684800    0.0004271500
  -0.0002677700    0.0002532700    0.0003254300
  -0.0043646600    0.0017941400    0.0019257100
  -0.0021815600    0.0039435600   -0.0012266800
  -0.0030497900    0.0030364900    0.0002328000
  -0.0006175400   -0.0002034600    0.0003380000
  -0.0039945100    0.0013256200   -0.0012541500
  -0.0005857300    0.0037320000   -0.0032993700
  -0.0018360300    0.0016931300   -0.0018537600
  -0.0020746000    0.0006280500   -0.0042405900
  -0.0029367400    0.0000927300   -0.0029297900
  -0.0017319000   -0.0015718800    0.0035664400
  -0.0028999900   -0.0001383200    0.0026812600
  -0.0002456600   -0.0027890000    0.0026275500
  -0.0018045500   -0.0016509300    0.0015941400
  -0.0003854800   -0.0002446100    0.0006360900
  -0.0040106200   -0.0014290700    0.0012410100
  -0.0019495400   -0.0035050000    0.0021956700
  -0.0030691900   -0.0029292800   -0.0002429300
  -0.0002843000   -0.0001441600   -0.0003319100
  -0.0041020200   -0.0013335300   -0.0009454100
  -0.0018537700   -0.0035966300   -0.0019003800
  -0.0031678500   -0.0030287000    0.0005387600
  -0.0016774100   -0.0015180700   -0.0038407600
  -0.0029574700   -0.0000821700   -0.0029524100
  -0.0001895500   -0.0028464500   -0.0028980200
  -0.0018522300   -0.0016992700   -0.0018660000

6    
 -0.0070710678118655   0.0000000000000000  -0.0070710678118655
   0.0001022400   -0.0001883900   -0.0001777300
   0.0001317900   -0.0001012900   -0.0006203800
   0.0005704400   -0.0018786800   -0.0013836100
  -0.0032836900   -0.0000347300   -0.0032262400
  -0.0013138300   -0.0018600700    0.0006688000
   0.0492425200    0.0039443400    0.0454144000
   0.0005322900    0.0019308600   -0.0011667600
   0.0005334600   -0.0000718300    0.0006689400
   0.0001024500    0.0002208400   -0.0002421100
  -0.0001023600    0.0000934900   -0.0016460000
   0.0041973100    0.0018453500    0.0022244200
  -0.0001112800    0.0000950700   -0.0002112500
  -0.0013399800    0.0018500700    0.0006546800
   0.0037606800   -0.0035167500    0.0002385600
   0.0042047800   -0.0018525100   -0.0048213200
   0.0003217700    0.0000927900    0.0004148000
   0.0000951300    0.0002148400   -0.0002425700
  -0.0014798700   -0.0001381200   -0.0016462400
  -0.0001327500   -0.0002206500   -0.0000043500
   0.0005509100    0.0035174000    0.0040706500
  -0.0012893700    0.0018705900    0.0006535000
  -0.0041221400    0.0035167300    0.0002386000
  -0.0001354000    0.0002128000    0.0002076000
  -0.0031396800    0.0035262800   -0.0066604400
   0.0001023300   -0.0002124300   -0.0002311600
  -0.0001606000    0.0001031300   -0.0002689400
  -0.0037597000    0.0002214700    0.0036215700
   0.0003211000   -0.0035212700    0.0038357000
  -0.0013174100   -0.0018513500    0.0006693100
  -0.0051233200   -0.0035239300   -0.0000017800
  -0.0037541700   -0.0002147300   -0.0034159900
  -0.0001154700   -0.0035153200   -0.0036305000
   0.0013737900    0.0018916700    0.0023062700
  -0.0002243300    0.0025470500    0.0030422900
   0.0024430100   -0.0001181800    0.0033928400
   0.0012589000    0.0018156800    0.0039896600
  -0.0054474300   -0.0040562200   -0.0080711000
   0.0000711000    0.0037809700    0.0001373300
  -0.0042145500    0.0080543800   -0.0063042000
  -0.0014368100   -0.0000125000   -0.0014367800
   0.0013660900    0.0027972300   -0.0015628600
  -0.0060471200    0.0098807900   -0.0091664300
   0.0022507100    0.0015693100   -0.0030508300
  -0.0077588300   -0.0062969100   -0.0078051500
   0.0013999700    0.0019175800   -0.0014477700
  -0.0002714300    0.0025709900   -0.0021828300
   0.0024668800   -0.0001652300   -0.0025335100
   0.0012307000    0.0017870500   -0.0031240900
   0.0031046700   -0.0002151600    0.0030672600
   0.0009603200   -0.0018064500    0.0041107100
   0.0020289100   -0.0015596500    0.0019772300
  -0.0005311400   -0.0025533900    0.0031772200
   0.0036250600   -0.0019249100    0.0014685200
  -0.0005480500   -0.0000058300   -0.0005527400
   0.0026885800   -0.0024355300   -0.0000171400
   0.0010088100   -0.0037326700    0.0010064700
   0.0031755900   -0.0015734000   -0.0021251800
  -0.0000918800    0.0003435600   -0.0001108200
   0.0022200100   -0.0027899400   -0.0006428000
   0.0014773400   -0.0041022400   -0.0016787800
   0.0021671700    0.0001454500   -0.0024182600
   0.0018969100   -0.0014376300   -0.0034548300
   0.0010901800   -0.0019375900   -0.0013337400
   0.0004140700   -0.0029291700   -0.0025052100
   0.0000614200    0.0027903300    0.0029316800
  -0.0011918200    0.0026524500    0.0021936300
  -0.0014375600    0.0015772700    0.0038784000
  -0.0022711800   -0.0008753600    0.0033235600
  -0.0013134300    0.0039722900    0.0012599400
  -0.0021792500    0.0030162900   -0.0002629300
   0.0002512700   -0.0002379800   -0.0003090900
  -0.0031006200    0.0013479500    0.0012174000
  -0.0009622700    0.0035233100   -0.0019167000
  -0.0025331400    0.0025476400   -0.0003975200
   0.0006011500    0.0002182000   -0.0003540000
  -0.0034706700    0.0018170900   -0.0018897300
   0.0004225400    0.0018536900   -0.0022814400
  -0.0015687400    0.0017130300   -0.0015504300
  -0.0010677700    0.0025132700   -0.0032222900
  -0.0026463900    0.0000708800   -0.0026527000
  -0.0014126200   -0.0015715500    0.0038986900
  -0.0026831600   -0.0000267100    0.0029011500
   0.0000802500   -0.0027946100    0.0029555300
  -0.0016001700   -0.0017535000    0.0018099600
   0.0003684800    0.0002292400   -0.0006213400
  -0.0034549700   -0.0017142600    0.0019014800
  -0.0011949000   -0.0039612700    0.0009465400
  -0.0025142500   -0.0026543100    0.0004064000
   0.0002683000    0.0001283200    0.0003167400
  -0.0033626400   -0.0018092600   -0.0021967700
  -0.0012896700   -0.0038691700   -0.0012421400
  -0.0024145700   -0.0025553900   -0.0007019200
  -0.0014664800   -0.0016261000   -0.0036234300
  -0.0026250000   -0.0000821200   -0.0026305100
   0.0000248200   -0.0027364300   -0.0026842200
  -0.0015523300   -0.0017063100   -0.0015388200

13   
  0.0070710678118655   0.0070710678118655   0.0000000000000000
   0.0000353300    0.0015616600   -0.0000000000
  -0.0003820300   -0.0004106200   -0.0000000000
  -0.0001909600    0.0002358500   -0.0003111000
  -0.0007899000    0.0011747400    0.0018007100
  -0.0002531000    0.0005912800   -0.0000000000
   0.0030092100    0.0029332100   -0.0000000000
  -0.0001909600    0.0002358500    0.0003111000
  -0.0007899000    0.0011747400   -0.0018007100
  -0.0002531200   -0.0002465700   -0.0000000000
   0.0000012500    0.0002111000   -0.0000000000
   0.0048573400   -0.0006547700    0.0016441900
  -0.0007921800    0.0013720100   -0.0020020100
  -0.0464123500   -0.0468911800   -0.0000000000
   0.0067151200   -0.0003490200   -0.0000000000
   0.0048573400   -0.0006547700   -0.0016441900
  -0.0007921800    0.0013720100    0.0020020100
   0.0002591900    0.0002531400   -0.0000000000
   0.0002013100    0.0000119600   -0.0000000000
   0.0000097800    0.0002364900    0.0001109300
   0.0002311400    0.0034146000    0.0037294400
   0.0016118200    0.0016118200   -0.0000000000
  -0.0003349900    0.0066689400   -0.0000000000
   0.0000097800    0.0002364900   -0.0001109300
   0.0002311400    0.0034146000   -0.0037294400
   0.0016118500    0.0000312700   -0.0000000000
  -0.0001828900   -0.0002103900   -0.0000000000
  -0.0021754000   -0.0006534600    0.0053872100
   0.0002306900   -0.0036202600    0.0033038100
   0.0006240500   -0.0002296600   -0.0000000000
  -0.0040256000   -0.0040992200   -0.0000000000
  -0.0021754000   -0.0006534600   -0.0053872100
   0.0002306900   -0.0036202600   -0.0033038100
   0.0023086400    0.0013416100    0.0014858100
  -0.0000801900    0.0026337900    0.0027881400
   0.0033635500    0.0006528000    0.0027789700
   0.0011950000    0.0021959500    0.0039648400
   0.0031133000    0.0025353100    0.0003390400
   0.0014309300    0.0035950100    0.0015864400
   0.0051054900    0.0030911300    0.0016348000
  -0.0002558100    0.0003210500   -0.0002332600
   0.0031133000    0.0025353100   -0.0003390400
   0.0014309300    0.0035950100   -0.0015864400
   0.0051054900    0.0030911300   -0.0016348000
  -0.0002558100    0.0003210500    0.0002332600
   0.0023086400    0.0013416100   -0.0014858100
  -0.0000801900    0.0026337900   -0.0027881400
   0.0033635500    0.0006528000   -0.0027789700
   0.0011950000    0.0021959500   -0.0039648400
   0.0028926400    0.0000122300    0.0031486700
   0.0012897000   -0.0019117600    0.0038716000
   0.0014128300   -0.0019529200    0.0018076600
  -0.0000226900   -0.0028923500    0.0027375200
   0.0120582200    0.0067391400   -0.0053156100
  -0.0006115600    0.0003335900    0.0002230700
   0.0031433400   -0.0033930700    0.0003034800
   0.0010546100   -0.0042416300    0.0025252000
   0.0120582200    0.0067391400    0.0053156100
  -0.0006115600    0.0003335900   -0.0002230700
   0.0031433400   -0.0033930700   -0.0003034800
   0.0010546100   -0.0042416300   -0.0025252000
   0.0028926400    0.0000122300   -0.0031486700
   0.0012897000   -0.0019117600   -0.0038716000
   0.0014128300   -0.0019529200   -0.0018076600
  -0.0000226900   -0.0028923500   -0.0027375200
  -0.0001884200    0.0026900100    0.0028451200
  -0.0019946700    0.0014512600    0.0015963100
  -0.0018556600    0.0012314700    0.0035921700
  -0.0026902800    0.0001780200    0.0024331300
  -0.0020918100    0.0032214300    0.0006226500
  -0.0024405200    0.0021889600   -0.0001357700
  -0.0006287400    0.0003496200   -0.0002041100
   0.0042910500    0.0095835500    0.0080893400
  -0.0020918100    0.0032214300   -0.0006226500
  -0.0024405200    0.0021889600    0.0001357700
  -0.0006287400    0.0003496200    0.0002041100
   0.0042910500    0.0095835500   -0.0080893400
  -0.0001884200    0.0026900100   -0.0028451200
  -0.0019946700    0.0014512600   -0.0015963100
  -0.0018556600    0.0012314700   -0.0035921700
  -0.0026902800    0.0001780200   -0.0024331300
  -0.0019492400   -0.0009468900    0.0034984300
  -0.0022198700    0.0004877600    0.0028020400
  -0.0002451900   -0.0029493000    0.0027937200
  -0.0010990000   -0.0020636500    0.0019175400
  -0.0002729200    0.0003045300    0.0002515900
  -0.0023217500   -0.0000943300    0.0015577900
  -0.0017139000   -0.0038694000    0.0015596900
  -0.0024701000   -0.0030469600   -0.0001720000
  -0.0002729200    0.0003045300   -0.0002515900
  -0.0023217500   -0.0000943300   -0.0015577900
  -0.0017139000   -0.0038694000   -0.0015596900
  -0.0024701000   -0.0030469600    0.0001720000
  -0.0019492400   -0.0009468900   -0.0034984300
  -0.0022198700    0.0004877600   -0.0028020400
  -0.0002451900   -0.0029493000   -0.0027937200
  -0.0010990000   -0.0020636500   -0.0019175400

29   
  0.0100000000000000   0.0000000000000000   0.0000000000000000
   0.0003457100    0.0000000000    0.0000000000
  -0.0002515300    0.0002090400    0.0000000000
  -0.0002515300    0.0000000000    0.0002090400
   0.0003359100   -0.0000995000   -0.0000995000
   0.0022675000    0.0000000000    0.0000000000
   0.0053767200    0.0061308000    0.0000000000
  -0.0002515300    0.0000000000   -0.0002090400
   0.0003359100   -0.0000995000    0.0000995000
   0.0022675000    0.0000000000    0.0000000000
  -0.0002515300   -0.0002090400    0.0000000000
   0.0053767200    0.0000000000    0.0061308000
   0.0003359100    0.0000995000   -0.0000995000
   0.0008825400    0.0000000000    0.0000000000
   0.0053767200   -0.0061308000    0.0000000000
   0.0053767200    0.0000000000   -0.0061308000
   0.0003359100    0.0000995000    0.0000995000
  -0.0000125500    0.0000000000    0.0000000000
  -0.0000540000   -0.0004101300    0.0000000000
  -0.0000540000    0.0000000000   -0.0004101300
  -0.0009474900    0.0035212600    0.0035212600
  -0.0003247800    0.0000000000    0.0000000000
  -0.0016527200    0.0008913900    0.0000000000
  -0.0000540000    0.0000000000    0.0004101300
  -0.0009474900    0.0035212600   -0.0035212600
  -0.0003247800    0.0000000000    0.0000000000
  -0.0000540000    0.0004101300    0.0000000000
  -0.0016527200    0.0000000000    0.0008913900
  -0.0009474900   -0.0035212600    0.0035212600
  -0.0640100000    0.0000000000    0.0000000000
  -0.0016527200   -0.0008913900    0.0000000000
  -0.0016527200    0.0000000000   -0.0008913900
  -0.0009474900   -0.0035212600   -0.0035212600
   0.0015139100    0.0017403700    0.0017403700
   0.0002865700    0.0028591100    0.0028591100
   0.0023353100   -0.0005890400    0.0025288200
   0.0020348500    0.0012554500    0.0034846500
   0.0023353100    0.0025288200   -0.0005890400
   0.0020348500    0.0034846500    0.0012554500
   0.0031146500    0.0015935000    0.0015935000
   0.0065024600    0.0043963100    0.0043963100
   0.0023353100    0.0025288200    0.0005890400
   0.0020348500    0.0034846500   -0.0012554500
   0.0031146500    0.0015935000   -0.0015935000
   0.0065024600    0.0043963100   -0.0043963100
   0.0015139100    0.0017403700   -0.0017403700
   0.0002865700    0.0028591100   -0.0028591100
   0.0023353100   -0.0005890400   -0.0025288200
   0.0020348500    0.0012554500   -0.0034846500
   0.0023353100    0.0005890400    0.0025288200
   0.0020348500   -0.0012554500    0.0034846500
   0.0015139100   -0.0017403700    0.0017403700
   0.0002865700   -0.0028591100    0.0028591100
   0.0031146500   -0.0015935000    0.0015935000
   0.0065024600   -0.0043963100    0.0043963100
   0.0023353100   -0.0025288200   -0.0005890400
   0.0020348500   -0.0034846500    0.0012554500
   0.0031146500   -0.0015935000   -0.0015935000
   0.0065024600   -0.0043963100   -0.0043963100
   0.0023353100   -0.0025288200    0.0005890400
   0.0020348500   -0.0034846500   -0.0012554500
   0.0023353100    0.0005890400   -0.0025288200
   0.0020348500   -0.0012554500   -0.0034846500
   0.0015139100   -0.0017403700   -0.0017403700
   0.0002865700   -0.0028591100   -0.0028591100
   0.0001277100    0.0027232100    0.0027232100
  -0.0018908200    0.0016636300    0.0016636300
  -0.0011067700    0.0018912400    0.0039787700
  -0.0032471200    0.0007565200    0.0030518400
  -0.0011067700    0.0039787700    0.0018912400
  -0.0032471200    0.0030518400    0.0007565200
   0.0065838800   -0.0045356300   -0.0045356300
  -0.0043505900    0.0015521300    0.0015521300
  -0.0011067700    0.0039787700   -0.0018912400
  -0.0032471200    0.0030518400   -0.0007565200
   0.0065838800   -0.0045356300    0.0045356300
  -0.0043505900    0.0015521300   -0.0015521300
   0.0001277100    0.0027232100   -0.0027232100
  -0.0018908200    0.0016636300   -0.0016636300
  -0.0011067700    0.0018912400   -0.0039787700
  -0.0032471200    0.0007565200   -0.0030518400
  -0.0011067700   -0.0018912400    0.0039787700
  -0.0032471200   -0.0007565200    0.0030518400
   0.0001277100   -0.0027232100    0.0027232100
  -0.0018908200   -0.0016636300    0.0016636300
   0.0065838800    0.0045356300   -0.0045356300
  -0.0043505900   -0.0015521300    0.0015521300
  -0.0011067700   -0.0039787700    0.0018912400
  -0.0032471200   -0.0030518400    0.0007565200
   0.0065838800    0.0045356300    0.0045356300
  -0.0043505900   -0.0015521300   -0.0015521300
  -0.0011067700   -0.0039787700   -0.0018912400
  -0.0032471200   -0.0030518400   -0.0007565200
  -0.0011067700   -0.0018912400   -0.0039787700
  -0.0032471200   -0.0007565200   -0.0030518400
   0.0001277100   -0.0027232100   -0.0027232100
  -0.0018908200   -0.0016636300   -0.0016636300

33   
  0.0100000000000000   0.0000000000000000   0.0000000000000000
   0.0078173100    0.0074154100    0.0074154100
   0.0067857900    0.0047255300   -0.0049768200
   0.0067857900   -0.0049768200    0.0047255300
   0.0071874100   -0.0053140400   -0.0053140400
   0.0004691600   -0.0003336700   -0.0000152800
   0.0039610700    0.0032324100    0.0000178300
   0.0003546800    0.0003267400    0.0000906200
   0.0004770500    0.0002314100    0.0001223100
   0.0004691600   -0.0000152800   -0.0003336700
   0.0003546800    0.0000906200    0.0003267400
   0.0039610700    0.0000178300    0.0032324100
   0.0004770500    0.0001223100    0.0002314100
   0.0002234600    0.0006327900    0.0006327900
   0.0037160600   -0.0028390200   -0.0006637600
   0.0037160600   -0.0006637600   -0.0028390200
   0.0002088600   -0.0005513000   -0.0005513000
  -0.0006088000    0.0002471500    0.0002471500
  -0.0005148800    0.0001592900   -0.0002683700
  -0.0005148800   -0.0002683700    0.0001592900
  -0.0006069000    0.0032701500    0.0032701500
  -0.0004319900   -0.0000773700   -0.0002256400
  -0.0039739100    0.0034517000    0.0002692300
  -0.0003175600    0.0000737500   -0.0001179900
  -0.0004544500    0.0035826000   -0.0032780000
  -0.0004319900   -0.0002256400   -0.0000773700
  -0.0003175600   -0.0001179900    0.0000737500
  -0.0039739100    0.0002692300    0.0034517000
  -0.0004544500   -0.0032780000    0.0035826000
  -0.0001887600    0.0000386100    0.0000386100
  -0.0036947100   -0.0034785000   -0.0000335700
  -0.0036947100   -0.0000335700   -0.0034785000
  -0.0001923300   -0.0035565800   -0.0035565800
  -0.0418483300    0.0002326600    0.0002326600
   0.0115045400    0.0025762200    0.0025762200
   0.0002438600   -0.0001136200    0.0039683200
   0.0024160700    0.0024744400    0.0042944200
   0.0002438600    0.0039683200   -0.0001136200
   0.0024160700    0.0042944200    0.0024744400
   0.0020347100    0.0009695800    0.0009695800
  -0.0001484500    0.0000895900    0.0000895900
   0.0027815600    0.0027879700   -0.0000821500
   0.0015754700    0.0037282800   -0.0015727600
   0.0031556700    0.0015745700   -0.0019415400
   0.0002532700   -0.0003252300   -0.0001493100
  -0.0003953700    0.0004115500   -0.0015978600
   0.0009357300    0.0022093600   -0.0036945700
   0.0010258800    0.0006869300   -0.0033874300
   0.0032554100    0.0018477700   -0.0039880800
   0.0027815600   -0.0000821500    0.0027879700
   0.0015754700   -0.0015727600    0.0037282800
  -0.0003953700   -0.0015978600    0.0004115500
   0.0009357300   -0.0036945700    0.0022093600
   0.0031556700   -0.0019415400    0.0015745700
   0.0002532700   -0.0001493100   -0.0003252300
   0.0010258800   -0.0033874300    0.0006869300
   0.0032554100   -0.0039880800    0.0018477700
   0.0020646700   -0.0015791800   -0.0015791800
   0.0007706600   -0.0000087100   -0.0000087100
   0.0022066400   -0.0027838400    0.0002843800
   0.0018227700   -0.0033928800   -0.0014372800
   0.0022066400    0.0002843800   -0.0027838400
   0.0018227700   -0.0014372800   -0.0033928800
   0.0002295100   -0.0012216600   -0.0012216600
  -0.0000793100   -0.0028664900   -0.0028664900
   0.0003224000    0.0027885900    0.0027885900
   0.0055540400    0.0016117000    0.0016117000
  -0.0013390400    0.0015839600    0.0033622900
  -0.0019162200   -0.0008212700    0.0034184400
  -0.0013390400    0.0033622900    0.0015839600
  -0.0019162200    0.0034184400   -0.0008212700
   0.0001560800    0.0001522700    0.0001522700
  -0.0021139700    0.0012639800    0.0012639800
  -0.0015760000    0.0037396700   -0.0015815000
  -0.0027932600    0.0027885400   -0.0000865900
   0.0000655300   -0.0000013700    0.0000708600
  -0.0034942900    0.0019121400   -0.0017143400
   0.0001497100    0.0031636400   -0.0027913300
  -0.0009226800    0.0012195700   -0.0008232100
  -0.0014185800    0.0014331000   -0.0035892600
  -0.0029449800    0.0000062800   -0.0027105400
  -0.0015760000   -0.0015815000    0.0037396700
  -0.0027932600   -0.0000865900    0.0027885400
   0.0001497100   -0.0027913300    0.0031636400
  -0.0009226800   -0.0008232100    0.0012195700
   0.0000655300    0.0000708600   -0.0000013700
  -0.0034942900   -0.0017143400    0.0019121400
  -0.0014185800   -0.0035892600    0.0014331000
  -0.0029449800   -0.0027105400    0.0000062800
   0.0001599900   -0.0000101500   -0.0000101500
  -0.0030073200   -0.0015748300   -0.0015748300
  -0.0015068300   -0.0037277300   -0.0016608900
  -0.0025432200   -0.0031257400    0.0000515100
  -0.0015068300   -0.0016608900   -0.0037277300
  -0.0025432200    0.0000515100   -0.0031257400
   0.0000708100   -0.0029301000   -0.0029301000
  -0.0003371000   -0.0015687500   -0.0015687500

33   
 -0.0100000000000000   0.0000000000000000   0.0000000000000000
  -0.0079088800   -0.0075801300   -0.0075801300
  -0.0068835300   -0.0047862600    0.0048282200
  -0.0068835300    0.0048282200   -0.0047862600
  -0.0073166300    0.0052789500    0.0052789500
  -0.0004659000    0.0003337600    0.0000128700
   0.0030699400    0.0038019000   -0.0000197000
  -0.0005572000   -0.0003268200    0.0001111300
  -0.0004736400   -0.0004309900    0.0000795900
  -0.0004659000    0.0000128700    0.0003337600
  -0.0005572000    0.0001111300   -0.0003268200
   0.0030699400   -0.0000197000    0.0038019000
  -0.0004736400    0.0000795900   -0.0004309900
  -0.0002206800   -0.0006338300   -0.0006338300
   0.0033152200   -0.0041946700    0.0006635800
   0.0033152200    0.0006635800   -0.0041946700
  -0.0002058300    0.0007506700    0.0007506700
   0.0006088700   -0.0002474500   -0.0002474500
   0.0007144000   -0.0003585700    0.0002682200
   0.0007144000    0.0002682200   -0.0003585700
   0.0006066400    0.0037642200    0.0037642200
   0.0004333000    0.0000786600    0.0002291300
  -0.0030614400    0.0035812600   -0.0002655500
   0.0005155000   -0.0000725500    0.0003134800
   0.0004563500    0.0034502500   -0.0037600200
   0.0004333000    0.0002291300    0.0000786600
   0.0005155000    0.0003134800   -0.0000725500
  -0.0030614400   -0.0002655500    0.0035812600
   0.0004563500   -0.0037600200    0.0034502500
   0.0001879400   -0.0000383300   -0.0000383300
  -0.0033381700   -0.0035558800    0.0000339400
  -0.0033381700    0.0000339400   -0.0035558800
   0.0001915900   -0.0034778600   -0.0034778600
   0.0451621600    0.0032039200    0.0032039200
  -0.0110577000    0.0029995500    0.0029995500
   0.0053411100    0.0002376700    0.0016154500
   0.0007297500    0.0006706700    0.0031658100
   0.0053411100    0.0016154500    0.0002376700
   0.0007297500    0.0031658100    0.0006706700
   0.0054335800    0.0021760500    0.0021760500
   0.0001659000   -0.0000726000   -0.0000726000
   0.0028014400    0.0027947100   -0.0000831200
   0.0015717400    0.0037365600   -0.0015715100
   0.0043095700    0.0015707800   -0.0012027400
  -0.0002348800    0.0003421700    0.0001338000
   0.0038003000    0.0029922200   -0.0017810700
  -0.0007686900    0.0033781000   -0.0018892000
   0.0045548100   -0.0005198600   -0.0021971600
  -0.0001083600    0.0012908000   -0.0034718900
   0.0028014400   -0.0000831200    0.0027947100
   0.0015717400   -0.0015715100    0.0037365600
   0.0038003000   -0.0017810700    0.0029922200
  -0.0007686900   -0.0018892000    0.0033781000
   0.0043095700   -0.0012027400    0.0015707800
  -0.0002348800    0.0001338000    0.0003421700
   0.0045548100   -0.0021971600   -0.0005198600
  -0.0001083600   -0.0034718900    0.0012908000
   0.0054004600   -0.0015649300   -0.0015649300
  -0.0007532000   -0.0000081000   -0.0000081000
   0.0033763000   -0.0027998800   -0.0004495000
   0.0013230700   -0.0040720900   -0.0017082900
   0.0033763000   -0.0004495000   -0.0027998800
   0.0013230700   -0.0017082900   -0.0040720900
   0.0031766800   -0.0021836800   -0.0021836800
   0.0002451600   -0.0027162300   -0.0027162300
  -0.0004877200    0.0027940200    0.0027940200
  -0.0091411000    0.0017949200    0.0017949200
  -0.0018051800    0.0015625400    0.0041021500
  -0.0036687500    0.0009876100    0.0021685300
  -0.0018051800    0.0041021500    0.0015625400
  -0.0036687500    0.0021685300    0.0009876100
  -0.0001711400   -0.0001350500   -0.0001350500
  -0.0053545800    0.0018747400    0.0018747400
  -0.0015682800    0.0037252300   -0.0015626000
  -0.0027922800    0.0027940200   -0.0000785400
  -0.0000823800    0.0000145500   -0.0000875900
  -0.0039720900    0.0012325200   -0.0014311900
  -0.0003148200    0.0024192500   -0.0027934800
  -0.0024842200    0.0021815800   -0.0025833700
  -0.0017272800    0.0017112200   -0.0038756100
  -0.0026384000    0.0001589600   -0.0028721100
  -0.0015682800   -0.0015626000    0.0037252300
  -0.0027922800   -0.0000785400    0.0027940200
  -0.0003148200   -0.0027934800    0.0024192500
  -0.0024842200   -0.0025833700    0.0021815800
  -0.0000823800   -0.0000875900    0.0000145500
  -0.0039720900   -0.0014311900    0.0012325200
  -0.0017272800   -0.0038756100    0.0017112200
  -0.0026384000   -0.0028721100    0.0001589600
  -0.0001767000   -0.0000066600   -0.0000066600
  -0.0044581300   -0.0015693400   -0.0015693400
  -0.0016373400   -0.0037334400   -0.0014833700
  -0.0030409700   -0.0024572100   -0.0002153900
  -0.0016373400   -0.0014833700   -0.0037334400
  -0.0030409700   -0.0002153900   -0.0024572100
  -0.0002341900   -0.0026527500   -0.0026527500
  -0.0030704700   -0.0018317000   -0.0018317000

34   
  0.0000000000000000   0.0100000000000000   0.0000000000000000
   0.0000143500    0.0004205000   -0.0002875300
  -0.0045576800    0.0064291800   -0.0043556200
   0.0041299000    0.0063433100   -0.0043424000
  -0.0000320100    0.0003652600   -0.0004206700
  -0.0006755300    0.0002079100    0.0006644400
   0.0038468500    0.0039906200    0.0000157100
  -0.0004180400    0.0004679900    0.0001098000
   0.0006689900    0.0001264100    0.0007510200
   0.0002710200   -0.0004677600   -0.0000725700
  -0.0003565800   -0.0005072400   -0.0002579400
   0.0037694300   -0.0006074600    0.0032740000
  -0.0002752700   -0.0003563900   -0.0001817600
  -0.0000401600   -0.0001833800    0.0000362400
   0.0035895500   -0.0039888900    0.0002679200
   0.0034468400   -0.0004740400   -0.0032399300
   0.0000373100   -0.0000907600    0.0001424500
  -0.0046091900    0.0066847600    0.0046260300
   0.0001262200    0.0003636100    0.0003329600
   0.0000846200    0.0004800700    0.0002226800
   0.0047718000    0.0103127900    0.0083144000
   0.0003326100    0.0004776300   -0.0000224200
  -0.0041824500    0.0037341700   -0.0006627900
   0.0007656800    0.0002085500   -0.0005633300
  -0.0003311200    0.0039919400   -0.0035304800
  -0.0002610000   -0.0006063200    0.0002444900
   0.0003736500   -0.0003581700    0.0000702600
  -0.0037759200   -0.0004583300    0.0035850800
   0.0002502400   -0.0041322300    0.0037704000
   0.0000674800   -0.0004550400   -0.0002597400
  -0.0035537700   -0.0037105100   -0.0000407100
  -0.0034765300   -0.0001918600   -0.0035532900
  -0.0000709000   -0.0039802000   -0.0037836300
   0.0015113500   -0.0008467500    0.0028780800
   0.0003766000   -0.0391297900    0.0020448200
   0.0019036300    0.0009414700    0.0034186000
   0.0015545300    0.0115530900    0.0037346100
   0.0034196900    0.0010258700   -0.0005296400
   0.0003150300    0.0012992100    0.0015548100
   0.0036580800    0.0014158600    0.0016462600
  -0.0006028700    0.0008782100    0.0009178100
   0.0027943900    0.0022032200   -0.0004519500
   0.0015692100    0.0037175200   -0.0015739400
   0.0040650000    0.0018136700   -0.0017152900
   0.0000123000    0.0000004200   -0.0000142300
   0.0011169200   -0.0000634800   -0.0023281600
   0.0013085500    0.0003426800   -0.0027739900
   0.0024597300    0.0017717500   -0.0031214500
   0.0021998700    0.0024452700   -0.0046625400
   0.0027965900    0.0001538800    0.0024275400
   0.0015703500   -0.0011637600    0.0037359900
   0.0026042600   -0.0008268700    0.0022997400
   0.0000615200    0.0070880600    0.0027921200
   0.0035960600   -0.0014134100    0.0017155900
   0.0003744500    0.0002291900    0.0000100100
   0.0031268100   -0.0010908500   -0.0002336300
   0.0009458100   -0.0028533800    0.0006780000
   0.0037278100   -0.0014929400   -0.0014953200
   0.0000164900    0.0000054600   -0.0000137700
   0.0024590500   -0.0025413800   -0.0002232200
   0.0015694600   -0.0037344200   -0.0015727300
   0.0029349300    0.0000821200   -0.0026517200
   0.0012051500   -0.0013307800   -0.0037319900
   0.0017774500   -0.0018556200   -0.0016214500
   0.0006926700   -0.0019143900   -0.0018813600
  -0.0000970400    0.0002949200    0.0015692300
  -0.0016996800    0.0016923300    0.0016989000
  -0.0006652900    0.0024363200    0.0031266900
  -0.0027976800    0.0000697600    0.0027949600
  -0.0009650000    0.0019692200    0.0021907100
  -0.0024274200    0.0022032500    0.0000806200
   0.0002978200    0.0016882400    0.0003182700
  -0.0035933500    0.0018124800    0.0012377500
  -0.0015657300    0.0031408400   -0.0012094800
  -0.0027982700    0.0011024300   -0.0000864000
  -0.0003440300    0.0002549000    0.0001278600
  -0.0037319200    0.0023234600   -0.0015755300
  -0.0006861100    0.0010241500   -0.0021801900
  -0.0020743700    0.0011176500   -0.0016999900
  -0.0014939200    0.0014164900   -0.0038126300
  -0.0029343600    0.0003255900   -0.0024594200
  -0.0015712000   -0.0013335400    0.0041024800
  -0.0027956300   -0.0000735300    0.0027983700
  -0.0009927000   -0.0019164200    0.0021771000
  -0.0017010600   -0.0017039100    0.0016941900
  -0.0001507300    0.0001533800   -0.0001296800
  -0.0038153600   -0.0014953000    0.0015743200
  -0.0016488500   -0.0038843800    0.0015000400
  -0.0026510300   -0.0025413700    0.0004245200
  -0.0000114800    0.0000693200   -0.0000912600
  -0.0037324300   -0.0014030600   -0.0015736400
  -0.0012307500   -0.0034831900   -0.0014330100
  -0.0027987100   -0.0020323000   -0.0000832700
  -0.0014312200   -0.0014109800   -0.0038751300
  -0.0027141300   -0.0000068500   -0.0027969500
  -0.0003879500   -0.0011010400   -0.0024833900
  -0.0018416600   -0.0014541300   -0.0020367100

34   
  0.0000000000000000  -0.0100000000000000   0.0000000000000000
  -0.0000122400   -0.0004172600    0.0002874900
   0.0042159700   -0.0065191000    0.0042146600
  -0.0044684300   -0.0064516500    0.0042841200
   0.0000342000   -0.0005677200    0.0002217100
   0.0006759500   -0.0002051000   -0.0006648900
   0.0031872500    0.0030400200   -0.0000180800
   0.0002188400   -0.0004647200    0.0000917500
  -0.0006684200   -0.0003283400   -0.0005511900
  -0.0002748000    0.0004691700    0.0000737300
   0.0001572600    0.0007065200    0.0002577700
   0.0032644800    0.0006072000    0.0037601700
   0.0002714300    0.0005541000   -0.0000188500
   0.0000398500    0.0001824100   -0.0000358800
   0.0034457200   -0.0030467600   -0.0002640800
   0.0035884800    0.0004754400   -0.0037980500
  -0.0000376900    0.0002910800    0.0000563500
   0.0047557800   -0.0067958000   -0.0047737600
   0.0000705800   -0.0005659700   -0.0003329800
   0.0001122900   -0.0004767100   -0.0004221200
  -0.0046250000   -0.0031679200   -0.0011322200
  -0.0003327700   -0.0004742100    0.0000200600
  -0.0028519600    0.0032970200    0.0006625800
  -0.0005668000   -0.0002057100    0.0007627300
   0.0003309800    0.0030389100   -0.0035011700
   0.0002609600    0.0006061200   -0.0002448500
  -0.0001706200    0.0005559300   -0.0000693400
  -0.0032545300    0.0004597900    0.0034477200
  -0.0002500300   -0.0029018000    0.0032639100
  -0.0000687400    0.0004565600    0.0002635200
  -0.0034799700   -0.0033225100    0.0000410400
  -0.0035572800    0.0001908000   -0.0034811700
   0.0000696800   -0.0030554300   -0.0032543000
   0.0019345700    0.0042501600    0.0005252200
  -0.0002242900    0.0447159400    0.0035393800
   0.0036779900   -0.0007744000    0.0021597200
   0.0015896300   -0.0081630400    0.0037299800
   0.0021608300    0.0045594900    0.0006966000
   0.0028294300    0.0061657200    0.0015535300
   0.0038065000    0.0017291400    0.0014980700
   0.0006243300   -0.0008594200   -0.0008999700
   0.0027871600    0.0033793600    0.0002867900
   0.0015750600    0.0037471000   -0.0015703800
   0.0033993200    0.0013322500   -0.0014278000
   0.0000045300    0.0000193800   -0.0000025400
   0.0022855600    0.0034651100   -0.0010782000
  -0.0011435700    0.0052398600   -0.0027723900
   0.0031284500   -0.0016031100   -0.0024560100
   0.0009400400    0.0007014000   -0.0028038400
   0.0027839600   -0.0003189900    0.0031552600
   0.0015739100   -0.0019804600    0.0037286500
   0.0007989100   -0.0025797600    0.0011095300
   0.0001039000   -0.0129198100    0.0027905200
   0.0038683500   -0.0017292500    0.0014290400
  -0.0003575900   -0.0002460000    0.0000089700
   0.0024613700   -0.0044948400    0.0003933700
   0.0021939200   -0.0046134300    0.0024670600
   0.0037404900   -0.0016513500   -0.0016489100
   0.0000003200   -0.0000222700   -0.0000030500
   0.0031232800   -0.0030428300    0.0000568200
   0.0015748100   -0.0037332000   -0.0015716500
   0.0026476100   -0.0002488800   -0.0029311100
   0.0019391500   -0.0018135000   -0.0037348100
   0.0016272100   -0.0015493900   -0.0017830100
  -0.0005228300   -0.0036703600   -0.0037024600
  -0.0001065300    0.0052877800    0.0040135700
  -0.0017050700    0.0017119000    0.0017056000
  -0.0024780000    0.0007098900    0.0043425100
  -0.0027850500    0.0000982700    0.0027877300
  -0.0021774600    0.0054929400    0.0009555800
  -0.0031551900    0.0033793900    0.0000855700
  -0.0003202300   -0.0016685100   -0.0003068700
  -0.0038725700    0.0013333700    0.0019067000
  -0.0015774900    0.0043238500   -0.0019347400
  -0.0027843800    0.0044801600   -0.0000788100
   0.0003275000   -0.0002364400   -0.0001459400
  -0.0037327400    0.0008215500   -0.0015689400
   0.0005227500    0.0045611400   -0.0034042500
  -0.0013299300    0.0022870000   -0.0017054800
  -0.0016503300    0.0017285200   -0.0036520600
  -0.0026471400   -0.0001588800   -0.0031236300
  -0.0015709600   -0.0018107200    0.0033624200
  -0.0027871300   -0.0000916300    0.0027844700
   0.0008285100   -0.0036682500    0.0034011600
  -0.0017032200   -0.0017032700    0.0017102300
   0.0001340500   -0.0001718600    0.0001466200
  -0.0036492900   -0.0016489900    0.0015664200
  -0.0014954400   -0.0035810600    0.0016442900
  -0.0029303200   -0.0030428100   -0.0002590600
  -0.0000090100   -0.0000861300    0.0000744300
  -0.0037322500   -0.0017412400   -0.0015706700
  -0.0019132900   -0.0039831300   -0.0017100200
  -0.0027839100   -0.0035510200   -0.0000818700
  -0.0017129500   -0.0017316700   -0.0035897000
  -0.0028686200   -0.0001583000   -0.0027821500
   0.0002172700   -0.0044846600   -0.0030937900
  -0.0015643100   -0.0019521800   -0.0013680900

34   
  0.0100000000000000   0.0000000000000000   0.0000000000000000
  -0.0005255300   -0.0002152600   -0.0002152600
   0.0061887600   -0.0044074100    0.0041625000
   0.0061887600    0.0041625000   -0.0044074100
  -0.0006142300    0.0001395000    0.0001395000
  -0.0004500800    0.0000713200    0.0002542500
   0.0039865600    0.0038328100   -0.0000347500
   0.0003646600   -0.0003221700    0.0001327600
  -0.0004569100   -0.0001712400   -0.0001640100
  -0.0004500800    0.0002542500    0.0000713200
   0.0003646600    0.0001327600   -0.0003221700
   0.0039865600   -0.0000347500    0.0038328100
  -0.0004569100   -0.0001640100   -0.0001712400
  -0.0001889800   -0.0000402300   -0.0000402300
   0.0037197000   -0.0042007500    0.0006682500
   0.0037197000    0.0006682500   -0.0042007500
  -0.0001869300    0.0001360800    0.0001360800
   0.0067549100   -0.0047232500   -0.0047232500
  -0.0005150200   -0.0003553900    0.0002644600
  -0.0005150200    0.0002644600   -0.0003553900
   0.0067468400    0.0082168500    0.0082168500
   0.0004689700    0.0003358700    0.0000243500
  -0.0039743400    0.0035831500   -0.0002530700
  -0.0003582100   -0.0000685700    0.0003482500
   0.0004652900    0.0031914500   -0.0035371800
   0.0004689700    0.0000243500    0.0003358700
  -0.0003582100    0.0003482500   -0.0000685700
  -0.0039743400   -0.0002530700    0.0035831500
   0.0004652900   -0.0035371800    0.0031914500
   0.0002059700   -0.0006728400   -0.0006728400
  -0.0037083600   -0.0035566700    0.0000395900
  -0.0037083600    0.0000395900   -0.0035566700
   0.0002079200   -0.0028487700   -0.0028487700
   0.0128425200    0.0015297400    0.0015297400
  -0.0437351100    0.0030871900    0.0030871900
   0.0036483800   -0.0008392300    0.0021759600
  -0.0008324700    0.0015731000    0.0024907400
   0.0036483800    0.0021759600   -0.0008392300
  -0.0008324700    0.0024907400    0.0015731000
   0.0035726200    0.0014993700    0.0014993700
  -0.0017597800    0.0006241000    0.0006241000
   0.0027756500    0.0027888900   -0.0000821900
   0.0015751400    0.0037291800   -0.0015738100
   0.0039714600    0.0019158900   -0.0014298700
  -0.0005732100    0.0000130800    0.0003628200
   0.0025536200    0.0023081500   -0.0007983300
  -0.0023514600    0.0040174900   -0.0027520900
   0.0044775200   -0.0002120800   -0.0024751300
  -0.0001863400    0.0009865600   -0.0031238600
   0.0027756500   -0.0000821900    0.0027888900
   0.0015751400   -0.0015738100    0.0037291800
   0.0025536200   -0.0007983300    0.0023081500
  -0.0023514600   -0.0027520900    0.0040174900
   0.0039714600   -0.0014298700    0.0019158900
  -0.0005732100    0.0003628200    0.0000130800
   0.0044775200   -0.0024751300   -0.0002120800
  -0.0001863400   -0.0031238600    0.0009865600
   0.0044952700   -0.0015714300   -0.0015714300
  -0.0016945400   -0.0000108700   -0.0000108700
   0.0030328200   -0.0031332900   -0.0002251600
   0.0009930900   -0.0037323800   -0.0019420500
   0.0030328200   -0.0002251600   -0.0031332900
   0.0009930900   -0.0019420500   -0.0037323800
   0.0015400100   -0.0016258900   -0.0016258900
  -0.0016776900   -0.0034000900   -0.0034000900
   0.0105597300    0.0027866400    0.0027866400
  -0.0012969600    0.0017017400    0.0017017400
  -0.0007115300    0.0024852600    0.0031247000
  -0.0025548600    0.0000832800    0.0031606900
  -0.0007115300    0.0031247000    0.0024852600
  -0.0025548600    0.0031606900    0.0000832800
   0.0016897300    0.0003104100    0.0003104100
  -0.0035744400    0.0014323200    0.0014323200
  -0.0015758900    0.0037297900   -0.0015712600
  -0.0027822500    0.0027951500   -0.0000819500
   0.0002388900   -0.0003319000    0.0001308300
  -0.0036538400    0.0015678400   -0.0016581400
   0.0007852700    0.0033935900   -0.0037024900
  -0.0014696800    0.0013354200   -0.0017073700
  -0.0017325800    0.0016503400   -0.0038089100
  -0.0026249700    0.0002246900   -0.0029315400
  -0.0015758900   -0.0015712600    0.0037297900
  -0.0027822500   -0.0000819500    0.0027951500
   0.0007852700   -0.0037024900    0.0033935900
  -0.0014696800   -0.0017073700    0.0013354200
   0.0002388900    0.0001308300   -0.0003319000
  -0.0036538400   -0.0016581400    0.0015678400
  -0.0017325800   -0.0038089100    0.0016503400
  -0.0026249700   -0.0029315400    0.0002246900
   0.0007513300   -0.0000080700   -0.0000080700
  -0.0035606600   -0.0015717500   -0.0015717500
  -0.0013251600   -0.0033896800   -0.0017092500
  -0.0027155800   -0.0027902500    0.0000057700
  -0.0013251600   -0.0017092500   -0.0033896800
  -0.0027155800    0.0000057700   -0.0027902500
   0.0016124800   -0.0030912900   -0.0030912900
  -0.0015505100   -0.0015690500   -0.0015690500

34   
 -0.0100000000000000   0.0000000000000000   0.0000000000000000
   0.0005255400    0.0002150000    0.0002150000
  -0.0064936900    0.0043472300   -0.0042994800
  -0.0064936900   -0.0042994800    0.0043472300
   0.0006141600   -0.0003384200   -0.0003384200
   0.0004484000   -0.0000700900   -0.0002504900
   0.0030507600    0.0032013800    0.0000324600
  -0.0005606500    0.0003221700    0.0000688200
   0.0004553000   -0.0000293600    0.0003595900
   0.0004484000   -0.0002504900   -0.0000700900
  -0.0005606500    0.0000688200    0.0003221700
   0.0030507600    0.0000324600    0.0032013800
   0.0004553000    0.0003595900   -0.0000293600
   0.0001898600    0.0000405600    0.0000405600
   0.0033171600   -0.0028330500   -0.0006685100
   0.0033171600   -0.0006685100   -0.0028330500
   0.0001878100    0.0000628100    0.0000628100
  -0.0066474100    0.0045786000    0.0045786000
   0.0007138900    0.0001560600   -0.0002646400
   0.0007138900   -0.0002646400    0.0001560600
  -0.0066389100   -0.0010380200   -0.0010380200
  -0.0004722600   -0.0003358600   -0.0000267000
  -0.0030584200    0.0034496800    0.0002567600
   0.0005588100    0.0000696100   -0.0001526800
  -0.0004686100    0.0038426400   -0.0034945900
  -0.0004722600   -0.0000267000   -0.0003358600
   0.0005588100   -0.0001526800    0.0000696100
  -0.0030584200    0.0002567600    0.0034496800
  -0.0004686100   -0.0034945900    0.0038426400
  -0.0002088000    0.0006724600    0.0006724600
  -0.0033268600   -0.0034777200   -0.0000392800
  -0.0033268600   -0.0000392800   -0.0034777200
  -0.0002108000   -0.0041849300   -0.0041849300
  -0.0097202700    0.0018810900    0.0018810900
   0.0439244100    0.0024859900    0.0024859900
   0.0019323900    0.0010055000    0.0034022200
   0.0039765100    0.0015354200    0.0049738700
   0.0019323900    0.0034022200    0.0010055000
   0.0039765100    0.0049738700    0.0015354200
   0.0038912900    0.0016449400    0.0016449400
   0.0017738900   -0.0006053200   -0.0006053200
   0.0028040300    0.0027938600   -0.0000829500
   0.0015690200    0.0037355200   -0.0015705000
   0.0034915900    0.0012288000   -0.0017131700
   0.0005898700    0.0000048500   -0.0003795900
   0.0008486900    0.0011012800   -0.0026072000
   0.0025163300    0.0015653800   -0.0027944600
   0.0011025300    0.0003718600   -0.0031021100
   0.0033328000    0.0021596100   -0.0043428300
   0.0028040300   -0.0000829500    0.0027938600
   0.0015690200   -0.0015705000    0.0037355200
   0.0008486900   -0.0026072000    0.0011012800
   0.0025163300   -0.0027944600    0.0015653800
   0.0034915900   -0.0017131700    0.0012288000
   0.0005898700   -0.0003795900    0.0000048500
   0.0011025300   -0.0031021100    0.0003718600
   0.0033328000   -0.0043428300    0.0021596100
   0.0029688200   -0.0015728400   -0.0015728400
   0.0017110700   -0.0000059500   -0.0000059500
   0.0025482100   -0.0024497000    0.0000587400
   0.0021510700   -0.0037334100   -0.0012023400
   0.0025482100    0.0000587400   -0.0024497000
   0.0021510700   -0.0012023400   -0.0037334100
   0.0018640200   -0.0017785800   -0.0017785800
   0.0018402000   -0.0021846000   -0.0021846000
  -0.0104624000    0.0027961300    0.0027961300
  -0.0021075500    0.0017027300    0.0017027300
  -0.0024309100    0.0006601800    0.0043444600
  -0.0030278600    0.0000840500    0.0024220000
  -0.0024309100    0.0043444600    0.0006601800
  -0.0030278600    0.0024220000    0.0000840500
  -0.0017037600   -0.0002988800   -0.0002988800
  -0.0038919700    0.0017121200    0.0017121200
  -0.0015656000    0.0037349900   -0.0015730200
  -0.0028004900    0.0027875800   -0.0000832200
  -0.0002542400    0.0003490200   -0.0001489000
  -0.0038108700    0.0015729300   -0.0014862100
  -0.0009485500    0.0021847100   -0.0018812600
  -0.0019346900    0.0020692700   -0.0016993100
  -0.0014111300    0.0014940400   -0.0036558800
  -0.0029561100   -0.0000592900   -0.0026514000
  -0.0015656000   -0.0015730200    0.0037349900
  -0.0028004900   -0.0000832200    0.0027875800
  -0.0009485500   -0.0018812600    0.0021847100
  -0.0019346900   -0.0016993100    0.0020692700
  -0.0002542400   -0.0001489000    0.0003490200
  -0.0038108700   -0.0014862100    0.0015729300
  -0.0014111300   -0.0036558800    0.0014940400
  -0.0029561100   -0.0026514000   -0.0000592900
  -0.0007675700   -0.0000087600   -0.0000087600
  -0.0039041000   -0.0015725600   -0.0015725600
  -0.0018176800   -0.0040753000   -0.0014338300
  -0.0028671600   -0.0027888500   -0.0001709300
  -0.0018176800   -0.0014338300   -0.0040753000
  -0.0028671600   -0.0001709300   -0.0027888500
  -0.0017746600   -0.0024860700   -0.0024860700
  -0.0018559900   -0.0018359400   -0.0018359400

36   
  0.0100000000000000   0.0000000000000000   0.0000000000000000
  -0.0003831300   -0.0002005200    0.0000625300
   0.0069378600    0.0048076700    0.0049660800
   0.0003531100    0.0000413500    0.0002053700
  -0.0006207000   -0.0003502100    0.0001542800
  -0.0001850400    0.0000392100   -0.0000394900
   0.0039821400    0.0031916700   -0.0000213800
   0.0000913200   -0.0006713600   -0.0005417100
  -0.0004593700   -0.0000412400   -0.0001542100
  -0.0006098800    0.0002443000   -0.0002543600
   0.0003836100    0.0000780700   -0.0003381100
   0.0099999200   -0.0043710600   -0.0008816700
  -0.0004726900    0.0003544000   -0.0001629800
  -0.0004674000   -0.0000673200    0.0002687000
   0.0037231000   -0.0028467100    0.0006619900
   0.0039842100    0.0003313800   -0.0034997400
  -0.0001883600    0.0000605000    0.0001415600
   0.0004708200   -0.0000258300    0.0003234800
  -0.0005040600    0.0001396300    0.0002494400
  -0.0003549700    0.0002788700   -0.0000398000
   0.0065518200   -0.0009974700    0.0080221800
   0.0001998900    0.0006822100   -0.0006632500
  -0.0039671400    0.0034460400   -0.0002591600
  -0.0000937600   -0.0000429400    0.0000613200
   0.0004734900    0.0038413900   -0.0035417600
   0.0068840700    0.0048394400   -0.0047853300
  -0.0003570800   -0.0001430500   -0.0000805900
  -0.0041306600   -0.0002480600    0.0032660600
   0.0004629700   -0.0034946800    0.0031993500
   0.0004624000   -0.0003177600    0.0000197000
  -0.0037047900   -0.0034787900    0.0000384500
  -0.0039824100    0.0000669100   -0.0032498100
   0.0002077200   -0.0041914000   -0.0028410800
   0.0025445900    0.0026036500    0.0010973600
  -0.0023219300    0.0027918100    0.0015341900
   0.0125263100    0.0001016300    0.0027922300
  -0.0413898400    0.0006493400    0.0034853700
   0.0026343100    0.0028653700    0.0000098000
  -0.0001828800    0.0031265400    0.0021810200
   0.0045970300    0.0021823900    0.0006732900
  -0.0024154000    0.0012428500   -0.0000276800
   0.0030300600    0.0024567100    0.0000579100
   0.0009921900    0.0037344200   -0.0012020100
   0.0037249000    0.0015708500   -0.0015746600
   0.0000027000    0.0000068000   -0.0000070000
   0.0033825700    0.0019833300   -0.0013943000
  -0.0016759300    0.0034204500   -0.0021683200
   0.0036624600   -0.0005064200   -0.0018974000
  -0.0008769400    0.0003314000   -0.0037156600
   0.0036535400   -0.0009945600    0.0034112200
  -0.0008888700   -0.0015931700    0.0049653600
   0.0017027700   -0.0017131600    0.0017041800
   0.0000855600   -0.0027896000    0.0027884200
   0.0054142600   -0.0018827600    0.0012534300
  -0.0017490800   -0.0006179700   -0.0006014200
   0.0030311900   -0.0029351500    0.0004262800
   0.0009922100   -0.0041055300    0.0015713500
   0.0039781300   -0.0012330200   -0.0017118400
  -0.0005786400   -0.0000083500   -0.0003752800
   0.0035419000   -0.0027952500   -0.0000800000
  -0.0001194500   -0.0037335400   -0.0015682200
   0.0026349800   -0.0001607100   -0.0027192300
  -0.0002052900   -0.0009560100   -0.0043544900
   0.0019516900   -0.0015625200   -0.0020422200
  -0.0004964800   -0.0024243600   -0.0027893000
   0.0007780200    0.0018845000    0.0021874500
  -0.0014692000    0.0017017300    0.0020716900
   0.0088246800    0.0015745300    0.0037302500
  -0.0023830600    0.0000842300    0.0027931300
   0.0001154600    0.0034295700    0.0018773100
  -0.0026342000    0.0029349900   -0.0000590200
   0.0008569100    0.0006065000    0.0009152000
  -0.0034932900    0.0012020400    0.0015757000
  -0.0013277300    0.0040741800   -0.0014296200
  -0.0027144700    0.0027964000   -0.0001685100
  -0.0000159000    0.0000013900   -0.0000083600
  -0.0037211300    0.0015682100   -0.0015766800
  -0.0002430200    0.0027131500   -0.0028680600
  -0.0015468200    0.0015668100   -0.0018440900
  -0.0006992100    0.0009592500   -0.0046524100
  -0.0025500200    0.0004523900   -0.0027930500
  -0.0007020900   -0.0006579900    0.0043414900
  -0.0025527600   -0.0000805900    0.0024288300
  -0.0000863200   -0.0027914800    0.0027855800
  -0.0017058500   -0.0017116100    0.0017095700
  -0.0001638200    0.0000685000    0.0000844200
  -0.0035659400   -0.0014288700    0.0017114300
  -0.0013277200   -0.0038769200    0.0012333100
  -0.0027121100   -0.0027145300    0.0000800600
   0.0002361400   -0.0003435600   -0.0001493300
  -0.0036544000   -0.0015710800   -0.0014906500
  -0.0008122300   -0.0037317000   -0.0015692500
  -0.0026222200   -0.0027927900   -0.0000821700
   0.0001271300   -0.0012647500   -0.0040360900
  -0.0026318300   -0.0002202500   -0.0026528800
   0.0001643800   -0.0026511900   -0.0024502400
  -0.0016370200   -0.0017911600   -0.0017034100

36   
 -0.0100000000000000   0.0000000000000000   0.0000000000000000
   0.0003818800    0.0001972000   -0.0000611800
  -0.0072457800   -0.0051570100   -0.0051211200
  -0.0005491000   -0.0000390100   -0.0004044800
   0.0006207800    0.0001509400   -0.0003532500
   0.0001860500   -0.0000395100    0.0000397800
   0.0030551800    0.0038424200    0.0000190500
  -0.0002879000    0.0006715800    0.0007415300
   0.0004577700   -0.0001570000    0.0003499800
   0.0006100000   -0.0002441100    0.0002541900
  -0.0005795000    0.0001188200    0.0003381200
  -0.0030751900    0.0045130900    0.0080590400
   0.0004709800   -0.0001514400   -0.0000376000
   0.0004658300    0.0000661500   -0.0002648700
   0.0033137700   -0.0041878400   -0.0006625000
   0.0030531900   -0.0003314200   -0.0035320400
   0.0001893600    0.0001391900    0.0000572800
  -0.0004742200    0.0000283100   -0.0003235000
   0.0007030200   -0.0003390800   -0.0002498200
   0.0005556300   -0.0002827200   -0.0001609000
  -0.0064452300    0.0078905400   -0.0008466700
  -0.0002027400   -0.0006817600    0.0006628900
  -0.0030654400    0.0035892500    0.0002629600
   0.0002920500    0.0000425700    0.0001375300
  -0.0004769200    0.0031926500   -0.0034900100
  -0.0067741500   -0.0046915700    0.0046367600
   0.0005577800    0.0003461500    0.0000816100
  -0.0029036600    0.0002481700    0.0037682300
  -0.0004663400   -0.0035416600    0.0038348300
  -0.0004657300    0.0003178200   -0.0000220000
  -0.0033303000   -0.0035549600   -0.0000381600
  -0.0030502200   -0.0000681500   -0.0037880900
  -0.0002105700   -0.0028429700   -0.0041926900
   0.0008579700    0.0007998300    0.0023038500
   0.0024871600    0.0028269000    0.0040485800
  -0.0071898700    0.0000639600    0.0027909600
   0.0445293400    0.0024967300    0.0039949900
   0.0029475600    0.0027171900    0.0001553700
   0.0033246200    0.0043362800    0.0009651900
   0.0028655100    0.0009665500    0.0024721500
   0.0024324700   -0.0012259600    0.0000086400
   0.0025509100    0.0031256500   -0.0002217900
   0.0021521000    0.0037292200   -0.0019423000
   0.0037368100    0.0015734300   -0.0015696500
   0.0000140800    0.0000100200   -0.0000097700
   0.0000184700    0.0014263800   -0.0020050600
   0.0018433100    0.0021606400   -0.0034164000
   0.0019185700    0.0006666400   -0.0036864700
   0.0040210800    0.0028128400   -0.0037115200
   0.0019270800    0.0008305200    0.0021761000
   0.0040333000   -0.0015885900    0.0024992300
   0.0016987100   -0.0016917200    0.0017003500
   0.0000795400   -0.0027931700    0.0027942700
   0.0020472600   -0.0012670700    0.0018855000
   0.0017686700    0.0006030000    0.0006200600
   0.0025497500   -0.0026486700   -0.0002608400
   0.0021521200   -0.0033591500    0.0015739300
   0.0034849000   -0.0019110000   -0.0014336300
   0.0005954800   -0.0000074100    0.0003585100
   0.0020399600   -0.0027873500   -0.0000850800
   0.0032638100   -0.0037311500   -0.0015761500
   0.0029469900   -0.0000043900   -0.0028634800
   0.0033472300   -0.0021865600   -0.0031119800
   0.0014516100   -0.0018405700   -0.0013626900
   0.0006615900   -0.0031584000   -0.0027946600
  -0.0009412600    0.0036972100    0.0033999400
  -0.0019357000    0.0017004800    0.0013329500
  -0.0117125800    0.0015699800    0.0037342400
  -0.0031998000    0.0000809300    0.0027895700
  -0.0032568700    0.0040406500    0.0012616300
  -0.0029500700    0.0026474200    0.0002243800
  -0.0008718500   -0.0005942700   -0.0008973300
  -0.0039714300    0.0019423000    0.0015706900
  -0.0018150700    0.0033901800   -0.0017158700
  -0.0028681800    0.0027898200    0.0000034300
   0.0000019700    0.0000154900   -0.0000084400
  -0.0037436100    0.0015761300   -0.0015676900
   0.0000785400    0.0028695600   -0.0027146400
  -0.0018559000    0.0018378700   -0.0015607800
  -0.0024432500    0.0021898300   -0.0028132600
  -0.0030327700   -0.0002872800   -0.0027919800
  -0.0024403300   -0.0024852800    0.0031189200
  -0.0030299700   -0.0000823600    0.0031540400
  -0.0000759300   -0.0027912400    0.0027973300
  -0.0016984800   -0.0016926400    0.0016952700
   0.0001476500   -0.0000852700   -0.0000675900
  -0.0038971000   -0.0017152100    0.0014331100
  -0.0018150600   -0.0035865000    0.0019112900
  -0.0028705600   -0.0028681200    0.0000814800
  -0.0002514400    0.0003270400    0.0001337600
  -0.0038103200   -0.0015768600   -0.0016536800
  -0.0023315000   -0.0037330100   -0.0015750400
  -0.0029604300   -0.0027898200   -0.0000829900
  -0.0032686100   -0.0018851100   -0.0034232000
  -0.0029525600    0.0000552900   -0.0029300200
  -0.0003280300   -0.0029328000   -0.0031327900
  -0.0017678700   -0.0016136200   -0.0016978700

36   
  0.0000000000000000   0.0000000000000000   0.0100000000000000
  -0.0006015000   -0.0006015000    0.0001849400
   0.0049460900    0.0049460900    0.0069229700
   0.0002120800   -0.0000056600    0.0003487900
  -0.0000056600    0.0002120800    0.0003487900
  -0.0000403100   -0.0000403100   -0.0001935700
   0.0037646500    0.0037646500   -0.0006117600
  -0.0000425900   -0.0002669400   -0.0003470400
  -0.0002669400   -0.0000425900   -0.0003470400
   0.0000234800    0.0003230800    0.0004678800
  -0.0004292900    0.0000764600    0.0004812400
  -0.0010458400    0.0045262600    0.0101478100
   0.0007047600   -0.0005600400    0.0000976400
   0.0002618500    0.0000656700   -0.0004567600
   0.0034459900   -0.0037719000   -0.0004625500
   0.0032563400    0.0002617500   -0.0041487200
   0.0000402400    0.0000633800   -0.0000873800
   0.0003230800    0.0000234800    0.0004678800
   0.0000764600   -0.0004292900    0.0004812400
  -0.0005600400    0.0007047600    0.0000976400
   0.0045262600   -0.0010458400    0.0101478100
   0.0000656700    0.0002618500   -0.0004567600
  -0.0037719000    0.0034459900   -0.0004625500
   0.0000633800    0.0000402400   -0.0000873800
   0.0002617500    0.0032563400   -0.0041487200
  -0.0047223300   -0.0047223300    0.0067074900
   0.0007353200    0.0007353200    0.0002148300
  -0.0034975800   -0.0003175600    0.0039849400
  -0.0003175600   -0.0034975800    0.0039849400
  -0.0002468200   -0.0002468200   -0.0006176800
  -0.0034762400   -0.0034762400   -0.0001946100
  -0.0032574600   -0.0000656800   -0.0039754200
  -0.0000656800   -0.0032574600   -0.0039754200
   0.0022657500    0.0022657500    0.0000045300
  -0.0011588600    0.0028113200    0.0003580500
   0.0028113200   -0.0011588600    0.0003580500
   0.0013221400    0.0013221400   -0.0390852100
   0.0027170700    0.0027170700   -0.0000764300
   0.0009696000    0.0028349200    0.0024390300
   0.0028349200    0.0009696000    0.0024390300
  -0.0000174200   -0.0000174200    0.0100703800
   0.0026515600    0.0026515600    0.0000770100
   0.0019453500    0.0037367800   -0.0013330400
   0.0037367800    0.0019453500   -0.0013330400
   0.0000088100    0.0000088100    0.0004015300
   0.0019630600    0.0019630600   -0.0000827900
  -0.0005294800    0.0037205000   -0.0019123300
   0.0037205000   -0.0005294800   -0.0019123300
   0.0015737900    0.0015737900    0.0063455800
   0.0021825400    0.0005282000    0.0010282400
   0.0028050900   -0.0015886900    0.0012554100
   0.0016974700   -0.0013324500    0.0011254200
   0.0000794000   -0.0027950400    0.0027765500
   0.0034273000   -0.0012693900    0.0032572800
   0.0006167600    0.0008952700    0.0008772800
   0.0031240200   -0.0026558200    0.0003233300
   0.0015747600   -0.0037378300    0.0015676800
   0.0038776600   -0.0017173400   -0.0014073000
  -0.0003625400   -0.0000129900    0.0002313000
   0.0027926900   -0.0028743400   -0.0000040500
   0.0015733300   -0.0037333400   -0.0015609400
   0.0028716400   -0.0001590800   -0.0029433400
   0.0021956400   -0.0024912500   -0.0028512200
   0.0013626900   -0.0015584200   -0.0014639500
   0.0000820300   -0.0027899200   -0.0027934400
   0.0005282000    0.0021825400    0.0010282400
  -0.0013324500    0.0016974700    0.0011254200
  -0.0015886900    0.0028050900    0.0012554100
  -0.0027950400    0.0000794000    0.0027765500
  -0.0012693900    0.0034273000    0.0032572800
  -0.0026558200    0.0031240200    0.0003233300
   0.0008952700    0.0006167600    0.0008772800
  -0.0037378300    0.0015747600    0.0015676800
  -0.0017173400    0.0038776600   -0.0014073000
  -0.0028743400    0.0027926900   -0.0000040500
  -0.0000129900   -0.0003625400    0.0002313000
  -0.0037333400    0.0015733300   -0.0015609400
  -0.0001590800    0.0028716400   -0.0029433400
  -0.0015584200    0.0013626900   -0.0014639500
  -0.0024912500    0.0021956400   -0.0028512200
  -0.0027899200    0.0000820300   -0.0027934400
  -0.0021824500   -0.0021824500    0.0019752500
  -0.0031614000   -0.0000794600    0.0021999400
  -0.0000794600   -0.0031614000    0.0021999400
  -0.0017093500   -0.0017093500    0.0000345500
   0.0000654100    0.0000654100   -0.0001453500
  -0.0038770300   -0.0019140400    0.0018196400
  -0.0019140400   -0.0038770300    0.0018196400
  -0.0027849500   -0.0027849500    0.0008461800
   0.0001301300    0.0001301300    0.0001535600
  -0.0036497900   -0.0015732800   -0.0014941800
  -0.0015732800   -0.0036497900   -0.0014941800
  -0.0027913800   -0.0027913800    0.0000891300
  -0.0018812700   -0.0018812700   -0.0020508500
  -0.0029345900    0.0002603900   -0.0025421200
   0.0002603900   -0.0029345900   -0.0025421200
  -0.0016995000   -0.0016995000   -0.0009770700

36   
  0.0000000000000000   0.0000000000000000  -0.0100000000000000
   0.0006017700    0.0006017700   -0.0001820800
  -0.0052983200   -0.0052983200   -0.0070419000
  -0.0004110600    0.0000082300   -0.0005510700
   0.0000082300   -0.0004110600   -0.0005510700
   0.0000399600    0.0000399600    0.0001925200
   0.0032692600    0.0032692600    0.0006115500
  -0.0001555400    0.0002630600    0.0005449800
   0.0002630600   -0.0001555400    0.0005449800
  -0.0000211800   -0.0003230400   -0.0004645100
   0.0002302100    0.0001204500   -0.0004777400
   0.0079365100   -0.0043838100   -0.0030038700
  -0.0007042100    0.0007588100   -0.0002999200
  -0.0002657600   -0.0000668800    0.0004583500
   0.0035892900   -0.0032584000    0.0004639300
   0.0037775700   -0.0002613600   -0.0028853600
  -0.0000406000    0.0001362200    0.0002875100
  -0.0003230400   -0.0000211800   -0.0004645100
   0.0001204500    0.0002302100   -0.0004777400
   0.0007588100   -0.0007042100   -0.0002999200
  -0.0043838100    0.0079365100   -0.0030038700
  -0.0000668800   -0.0002657600    0.0004583500
  -0.0032584000    0.0035892900    0.0004639300
   0.0001362200   -0.0000406000    0.0002875100
  -0.0002613600    0.0037775700   -0.0028853600
   0.0048692000    0.0048692000   -0.0068188900
  -0.0005366900   -0.0005366900   -0.0002121700
  -0.0035388800    0.0003175300    0.0030458600
   0.0003175300   -0.0035388800    0.0030458600
   0.0002469900    0.0002469900    0.0006174900
  -0.0035575000   -0.0035575000    0.0001935300
  -0.0037730400    0.0000645600   -0.0030600300
   0.0000645600   -0.0037730400   -0.0030600300
   0.0011371600    0.0011371600    0.0034029800
   0.0013242700    0.0028066900    0.0052245100
   0.0028066900    0.0013242700    0.0052245100
   0.0018320200    0.0018320200    0.0465631000
   0.0028654900    0.0028654900    0.0002423200
   0.0021793500    0.0046286000    0.0007075000
   0.0046286000    0.0021793500    0.0007075000
   0.0000335800    0.0000335800   -0.0098059600
   0.0029308700    0.0029308700   -0.0002404200
   0.0011990100    0.0037257500   -0.0018112000
   0.0037257500    0.0011990100   -0.0018112000
   0.0000079900    0.0000079900   -0.0004181100
   0.0014468600    0.0014468600   -0.0033237800
   0.0006895200    0.0018618000   -0.0036724100
   0.0018618000    0.0006895200   -0.0036724100
   0.0015696500    0.0015696500   -0.0140650500
   0.0033983600   -0.0006915300    0.0045519100
   0.0003389500   -0.0015926800    0.0062094200
   0.0017057500   -0.0020723600    0.0022789300
   0.0000857300   -0.0027877000    0.0028061000
   0.0040428500   -0.0018804600   -0.0001097400
  -0.0006044400   -0.0009110100   -0.0008583600
   0.0024583300   -0.0029280100   -0.0001564400
   0.0015695600   -0.0037268100    0.0015795700
   0.0035868900   -0.0014268300   -0.0017384800
   0.0003792500   -0.0000017200   -0.0002480500
   0.0027935100   -0.0027082700   -0.0001610000
   0.0015709400   -0.0037312900   -0.0015834400
   0.0027110700   -0.0000060500   -0.0026400700
   0.0009531200   -0.0006521200   -0.0046155200
   0.0020418000   -0.0018446200   -0.0019421800
   0.0000830700   -0.0027927400   -0.0027922700
  -0.0006915300    0.0033983600    0.0045519100
  -0.0020723600    0.0017057500    0.0022789300
  -0.0015926800    0.0003389500    0.0062094200
  -0.0027877000    0.0000857300    0.0028061000
  -0.0018804600    0.0040428500   -0.0001097400
  -0.0029280100    0.0024583300   -0.0001564400
  -0.0009110100   -0.0006044400   -0.0008583600
  -0.0037268100    0.0015695600    0.0015795700
  -0.0014268300    0.0035868900   -0.0017384800
  -0.0027082700    0.0027935100   -0.0001610000
  -0.0000017200    0.0003792500   -0.0002480500
  -0.0037312900    0.0015709400   -0.0015834400
  -0.0000060500    0.0027110700   -0.0026400700
  -0.0018446200    0.0020418000   -0.0019421800
  -0.0006521200    0.0009531200   -0.0046155200
  -0.0027927400    0.0000830700   -0.0027922700
  -0.0009599000   -0.0009599000    0.0054925400
  -0.0024212900   -0.0000846500    0.0033829100
  -0.0000846500   -0.0024212900    0.0033829100
  -0.0016949300   -0.0016949300    0.0033699600
  -0.0000821800   -0.0000821800    0.0001628900
  -0.0035863900   -0.0012300400    0.0013264000
  -0.0012300400   -0.0035863900    0.0013264000
  -0.0027976400   -0.0027976400   -0.0006801900
  -0.0001467600   -0.0001467600   -0.0001687400
  -0.0038148100   -0.0015746000   -0.0016501200
  -0.0015746000   -0.0038148100   -0.0016501200
  -0.0027912100   -0.0027912100   -0.0002542200
  -0.0012683800   -0.0012683800   -0.0054170400
  -0.0026493000   -0.0004252600   -0.0030421200
  -0.0004252600   -0.0026493000   -0.0030421200
  -0.0017052200   -0.0017052200   -0.0024282200

40   
  0.0100000000000000   0.0000000000000000   0.0000000000000000
  -0.0001631200    0.0000330600    0.0000330600
   0.0003734800   -0.0004342800    0.0000271800
   0.0003734800    0.0000271800   -0.0004342800
  -0.0006266700   -0.0003464200   -0.0003464200
  -0.0004602900   -0.0002696500   -0.0000712600
   0.0100665700    0.0080291900   -0.0045153600
   0.0001226700   -0.0006981600    0.0007637200
  -0.0004661000   -0.0000294900    0.0003597400
  -0.0004602900   -0.0000712600   -0.0002696500
   0.0001226700    0.0007637200   -0.0006981600
   0.0100665700   -0.0045153600    0.0080291900
  -0.0004661000    0.0003597400   -0.0000294900
  -0.0006249600    0.0002515100    0.0002515100
   0.0039833000   -0.0035429600    0.0003226300
   0.0039833000    0.0003226300   -0.0035429600
  -0.0001897800    0.0000640300    0.0000640300
   0.0002127200    0.0006754900    0.0006754900
  -0.0003580100   -0.0001837200    0.0002779600
  -0.0003580100    0.0002779600   -0.0001837200
   0.0067065000   -0.0011369100   -0.0011369100
   0.0004611400   -0.0000193200   -0.0003223300
  -0.0041311100    0.0037666100   -0.0002471400
  -0.0000922500   -0.0000380600    0.0001439600
   0.0004673900    0.0038412600   -0.0034977600
   0.0004611400   -0.0003223300   -0.0000193200
  -0.0000922500    0.0001439600   -0.0000380600
  -0.0041311100   -0.0002471400    0.0037666100
   0.0004673900   -0.0034977600    0.0038412600
   0.0065970800    0.0045371500    0.0045371500
  -0.0039781100   -0.0037791600    0.0000707600
  -0.0039781100    0.0000707600   -0.0037791600
   0.0002140600   -0.0041910500   -0.0041910500
   0.0015450600    0.0017833800    0.0017833800
  -0.0016856200    0.0021768600    0.0021768600
   0.0036591800    0.0006996100    0.0036996900
  -0.0008518700    0.0028065100    0.0037248000
   0.0036591800    0.0036996900    0.0006996100
  -0.0008518700    0.0037248000    0.0028065100
   0.0135467900    0.0015542700    0.0015542700
  -0.0421898000    0.0001745800    0.0001745800
   0.0044681600    0.0031065600   -0.0003898400
  -0.0001853600    0.0043419600   -0.0021715900
   0.0045991100    0.0009592000   -0.0024778700
  -0.0024250300   -0.0012313800   -0.0000221600
   0.0019456200    0.0013682900   -0.0018465000
  -0.0004990400    0.0027946900   -0.0031574300
   0.0027803900    0.0000867000   -0.0027918700
   0.0015664600    0.0015705300   -0.0037327800
   0.0044681600   -0.0003898400    0.0031065600
  -0.0001853600   -0.0021715900    0.0043419600
   0.0019456200   -0.0018465000    0.0013682900
  -0.0004990400   -0.0031574300    0.0027946900
   0.0045991100   -0.0024778700    0.0009592000
  -0.0024250300   -0.0000221600   -0.0012313800
   0.0027803900   -0.0027918700    0.0000867000
   0.0015664600   -0.0037327800    0.0015705300
   0.0035778500   -0.0016481100   -0.0016481100
  -0.0017570500    0.0006043900    0.0006043900
   0.0030362100   -0.0026525900    0.0002580400
   0.0009850900   -0.0033614100   -0.0015645800
   0.0030362100    0.0002580400   -0.0026525900
   0.0009850900   -0.0015645800   -0.0033614100
   0.0024641300   -0.0016942400   -0.0016942400
  -0.0016203200   -0.0027994700   -0.0027994700
   0.0016157900    0.0024850200    0.0024850200
  -0.0015394300    0.0018437400    0.0018437400
  -0.0007067300    0.0021804400    0.0028286300
  -0.0025537100   -0.0002886200    0.0027960800
  -0.0007067300    0.0028286300    0.0021804400
  -0.0025537100    0.0027960800   -0.0002886200
   0.0100707600    0.0000041600    0.0000041600
  -0.0033225100    0.0015707400    0.0015707400
  -0.0017275200    0.0036585400   -0.0014952100
  -0.0026278600    0.0026543000    0.0000574600
   0.0008597100   -0.0006011700    0.0008973900
  -0.0034926500    0.0019390300   -0.0015710400
   0.0001647600    0.0031270100   -0.0029330500
  -0.0016279800    0.0017044100   -0.0016229300
  -0.0015795900    0.0015726300   -0.0037379500
  -0.0027774700    0.0000850100   -0.0027967200
  -0.0017275200   -0.0014952100    0.0036585400
  -0.0026278600    0.0000574600    0.0026543000
   0.0001647600   -0.0029330500    0.0031270100
  -0.0016279800   -0.0016229300    0.0017044100
   0.0008597100    0.0008973900   -0.0006011700
  -0.0034926500   -0.0015710400    0.0019390300
  -0.0015795900   -0.0037379500    0.0015726300
  -0.0027774700   -0.0027967200    0.0000850100
   0.0016823800    0.0003029200    0.0003029200
  -0.0035720400   -0.0017136600   -0.0017136600
  -0.0013275600   -0.0035945400   -0.0019072900
  -0.0027135800   -0.0028741500   -0.0000840200
  -0.0013275600   -0.0019072900   -0.0035945400
  -0.0027135800   -0.0000840200   -0.0028741500
   0.0006772100   -0.0027925700   -0.0027925700
  -0.0015338500   -0.0017040200   -0.0017040200

40   
 -0.0100000000000000   0.0000000000000000   0.0000000000000000
   0.0001640200   -0.0000333400   -0.0000333400
  -0.0005694000    0.0002350600   -0.0000244900
  -0.0005694000   -0.0000244900    0.0002350600
   0.0006267400    0.0001471100    0.0001471100
   0.0004588400    0.0002659200    0.0000700500
  -0.0031413400   -0.0011393400    0.0046596600
  -0.0003189900    0.0006986900   -0.0005648600
   0.0004646000   -0.0001685100   -0.0001567400
   0.0004588400    0.0000700500    0.0002659200
  -0.0003189900   -0.0005648600    0.0006986900
  -0.0031413400    0.0046596600   -0.0011393400
   0.0004646000   -0.0001567400   -0.0001685100
   0.0006251400   -0.0002513500   -0.0002513500
   0.0030541600   -0.0034934500   -0.0003226700
   0.0030541600   -0.0003226700   -0.0034934500
   0.0001908400    0.0001354600    0.0001354600
  -0.0002155500   -0.0006750400   -0.0006750400
   0.0005586100   -0.0000143100   -0.0002818100
   0.0005586100   -0.0002818100   -0.0000143100
  -0.0065970300    0.0080261400    0.0080261400
  -0.0004644100    0.0000217400    0.0003223300
  -0.0029031400    0.0032673000    0.0002472900
   0.0002904500    0.0000375700    0.0000555200
  -0.0004707100    0.0031928600   -0.0035387200
  -0.0004644100    0.0003223300    0.0000217400
   0.0002904500    0.0000555200    0.0000375700
  -0.0029031400    0.0002472900    0.0032673000
  -0.0004707100   -0.0035387200    0.0031928600
  -0.0064885500   -0.0043946300   -0.0043946300
  -0.0030545100   -0.0032512200   -0.0000719600
  -0.0030545100   -0.0000719600   -0.0032512200
  -0.0002168800   -0.0028435200   -0.0028435200
   0.0018590400    0.0016211700    0.0016211700
   0.0018481600    0.0034040300    0.0034040300
   0.0019215300   -0.0005298400    0.0018819200
   0.0039960200    0.0003376900    0.0037757800
   0.0019215300    0.0018819200   -0.0005298400
   0.0039960200    0.0037757800    0.0003376900
  -0.0063295000    0.0015906000    0.0015906000
   0.0422044700   -0.0001566000   -0.0001566000
   0.0011113900    0.0024814300    0.0002194500
   0.0033323900    0.0031207600   -0.0009708300
   0.0028635100    0.0021806900   -0.0006653400
   0.0024418600    0.0012482400   -0.0000305800
   0.0014571200    0.0020357400   -0.0015593600
   0.0006641500    0.0027869200   -0.0024253400
   0.0027993300    0.0000784600   -0.0027908300
   0.0015778600    0.0015737500   -0.0037319500
   0.0011113900    0.0002194500    0.0024814300
   0.0033323900   -0.0009708300    0.0031207600
   0.0014571200   -0.0015593600    0.0020357400
   0.0006641500   -0.0024253400    0.0027869200
   0.0028635100   -0.0006653400    0.0021806900
   0.0024418600   -0.0000305800    0.0012482400
   0.0027993300   -0.0027908300    0.0000784600
   0.0015778600   -0.0037319500    0.0015737500
   0.0038861200   -0.0014961000   -0.0014961000
   0.0017712000   -0.0006192900   -0.0006192900
   0.0025448600   -0.0029287800   -0.0004228800
   0.0021592200   -0.0041032400   -0.0015786800
   0.0025448600   -0.0004228800   -0.0029287800
   0.0021592200   -0.0015786800   -0.0041032400
   0.0009399300   -0.0017101200   -0.0017101200
   0.0017854100   -0.0027833100   -0.0027833100
  -0.0017775900    0.0031030600    0.0031030600
  -0.0018669600    0.0015604200    0.0015604200
  -0.0024354700    0.0009594600    0.0046349100
  -0.0030289200    0.0004537600    0.0027844000
  -0.0024354700    0.0046349100    0.0009594600
  -0.0030289200    0.0027844000    0.0004537600
  -0.0098397400    0.0000125900    0.0000125900
  -0.0041421100    0.0015735200    0.0015735200
  -0.0014160400    0.0038061200   -0.0016489900
  -0.0029531200    0.0029282100   -0.0002223900
  -0.0008744400    0.0006225100   -0.0009131000
  -0.0039719700    0.0012052900   -0.0015711200
  -0.0003282500    0.0024554800   -0.0026483900
  -0.0017762400    0.0017037900   -0.0017813800
  -0.0015617000    0.0015716900   -0.0037266800
  -0.0028052200    0.0000801000   -0.0027860200
  -0.0014160400   -0.0016489900    0.0038061200
  -0.0029531200   -0.0002223900    0.0029282100
  -0.0003282500   -0.0026483900    0.0024554800
  -0.0017762400   -0.0017813800    0.0017037900
  -0.0008744400   -0.0009131000    0.0006225100
  -0.0039719700   -0.0015711200    0.0012052900
  -0.0015617000   -0.0037266800    0.0015716900
  -0.0028052200   -0.0027860200    0.0000801000
  -0.0016960900   -0.0003251700   -0.0003251700
  -0.0038943100   -0.0014304500   -0.0014304500
  -0.0018151200   -0.0038713200   -0.0012367100
  -0.0028690600   -0.0027084700   -0.0000847200
  -0.0018151200   -0.0012367100   -0.0038713200
  -0.0028690600   -0.0000847200   -0.0027084700
  -0.0008416000   -0.0027901000   -0.0027901000
  -0.0018708500   -0.0017005600   -0.0017005600
