# ------------------------------------------
# Phonon scattering rate due to an impurity
# calculated by phtmat
# ------------------------------------------
#
#  0 qpoint :  0.05000  0.05000  0.05000
 0         0.908       -3.19664e-03
 1         0.908        4.24850e-03
 2         1.011       -5.31296e-03
 3         2.761       -7.57819e-03
 4         2.766       -1.10594e-02
 5         2.766        1.52638e-03
 6         2.851       -1.18821e-02
 7         2.851       -3.46593e-03
 8         2.866        3.10202e-02

#  1 qpoint :  0.15000  0.05000  0.05000
 0         1.298        9.65446e-03
 1         1.431        7.06437e-03
 2         1.600       -3.57040e-02
 3         2.718       -7.20743e-03
 4         2.737       -1.41345e-03
 5         2.738       -3.00417e-03
 6         2.871       -6.90163e-02
 7         2.885       -1.63461e-02
 8         2.958        3.06816e-02

#  2 qpoint :  0.25000  0.05000  0.05000
 0         1.623       -1.20943e-02
 1         1.706        1.21575e-04
 2         2.047       -1.20470e-02
 3         2.648       -2.46151e-03
 4         2.677       -7.06689e-03
 5         2.693       -5.34130e-03
 6         2.882       -5.27845e-02
 7         2.897        1.14461e-02
 8         3.057       -3.01112e-03

#  3 qpoint :  0.35000  0.05000  0.05000
 0         1.743       -1.29473e-02
 1         1.781       -2.46447e-04
 2         2.397        3.85367e-03
 3         2.576       -8.52640e-03
 4         2.618       -7.19564e-03
 5         2.641        7.20097e-03
 6         2.848       -2.24836e-02
 7         2.852        2.88541e-02
 8         3.081       -6.24162e-03

#  4 qpoint :  0.45000  0.05000  0.05000
 0         1.772        1.43478e-02
 1         1.774       -3.34831e-02
 2         2.476       -7.00723e-03
 3         2.578       -6.54327e-03
 4         2.591        1.21099e-02
 5         2.714       -5.68610e-03
 6         2.796        2.01314e-02
 7         2.802       -1.23959e-02
 8         3.023       -7.30089e-04

#  5 qpoint : -0.45000  0.05000  0.05000
 0         1.769       -3.15045e-02
 1         1.778       -4.04370e-03
 2         2.452       -1.43221e-02
 3         2.568       -5.56129e-03
 4         2.574        1.15307e-03
 5         2.773       -4.40726e-03
 6         2.782       -1.72695e-03
 7         2.861        2.09774e-02
 8         2.947       -4.57774e-03

#  6 qpoint :  0.15000  0.15000  0.05000
 0         1.383        2.26810e-02
 1         1.405       -4.01017e-02
 2         1.833       -2.50875e-03
 3         2.700       -1.96687e-02
 4         2.713       -1.64609e-02
 5         2.716        2.34451e-02
 6         2.879       -1.48047e-02
 7         2.881       -3.99435e-02
 8         3.024       -1.55307e-02

#  7 qpoint :  0.25000  0.15000  0.05000
 0         1.596       -8.96448e-03
 1         1.673        1.34583e-02
 2         2.110       -2.61201e-02
 3         2.626       -1.97671e-02
 4         2.663        2.25437e-02
 5         2.681       -8.90146e-03
 6         2.882       -1.24090e-01
 7         2.897       -2.09659e-02
 8         3.111       -4.37912e-03

#  8 qpoint :  0.35000  0.15000  0.05000
 0         1.749       -6.48915e-03
 1         1.855       -4.16097e-03
 2         2.344        1.20905e-02
 3         2.539       -2.63434e-03
 4         2.601        4.90819e-03
 5         2.634        6.49440e-03
 6         2.863       -9.05187e-02
 7         2.882        2.25308e-03
 8         3.127       -6.12350e-03

#  9 qpoint :  0.45000  0.15000  0.05000
 0         1.841        5.68871e-03
 1         1.909       -3.11596e-03
 2         2.430       -9.69435e-03
 3         2.545       -2.37225e-02
 4         2.575        4.95901e-03
 5         2.625        1.33014e-02
 6         2.828       -6.10396e-03
 7         2.852        7.39649e-03
 8         3.075       -6.82931e-03

# 10 qpoint :  0.55000  0.15000  0.05000
 0         1.896        7.97420e-03
 1         1.923        1.48403e-02
 2         2.396       -1.54173e-02
 3         2.513       -1.03441e-02
 4         2.549       -1.54511e-02
 5         2.753       -1.41844e-02
 6         2.805        1.38537e-02
 7         2.901        2.27257e-03
 8         2.972        1.74363e-02

# 11 qpoint : -0.35000  0.15000  0.05000
 0         1.881       -1.29259e-02
 1         1.907        1.01187e-02
 2         2.421        1.31903e-03
 3         2.522       -9.42413e-03
 4         2.577       -1.43721e-02
 5         2.700        8.60029e-03
 6         2.817        2.79080e-02
 7         2.838        4.50895e-03
 8         3.044       -2.33253e-02

# 12 qpoint : -0.25000  0.15000  0.05000
 0         1.806       -2.33837e-03
 1         1.875       -6.76426e-03
 2         2.414       -4.65201e-03
 3         2.528        1.20879e-02
 4         2.570       -8.04483e-03
 5         2.643        1.25455e-02
 6         2.852       -1.84621e-02
 7         2.862        1.23348e-02
 8         3.105       -5.01152e-02

# 13 qpoint : -0.15000  0.15000  0.05000
 0         1.667        1.20928e-02
 1         1.786        6.45293e-03
 2         2.156       -4.18003e-02
 3         2.601        1.28516e-02
 4         2.640        7.16311e-03
 5         2.689        1.54553e-03
 6         2.874       -2.98649e-02
 7         2.901       -3.45700e-02
 8         3.102       -3.38064e-02

# 14 qpoint :  0.25000  0.25000  0.05000
 0         1.672        1.81329e-03
 1         1.690       -6.86568e-02
 2         2.293       -1.27959e-03
 3         2.561       -1.01786e-02
 4         2.622       -1.58015e-02
 5         2.623       -8.16294e-03
 6         2.880       -2.16665e-02
 7         2.882       -7.16598e-02
 8         3.193       -1.43498e-02

# 15 qpoint :  0.35000  0.25000  0.05000
 0         1.786       -1.41404e-02
 1         1.831       -1.62810e-02
 2         2.416       -3.47014e-03
 3         2.463       -7.23369e-03
 4         2.555       -6.44683e-03
 5         2.570        1.42056e-03
 6         2.858       -7.95173e-02
 7         2.876       -1.29988e-02
 8         3.202       -3.61573e-03

# 16 qpoint :  0.45000  0.25000  0.05000
 0         1.906        4.18046e-03
 1         1.987       -1.08296e-02
 2         2.356       -3.29611e-02
 3         2.491       -1.86093e-02
 4         2.508       -7.63290e-03
 5         2.568        2.29541e-02
 6         2.836        1.52041e-02
 7         2.885       -2.63916e-02
 8         3.137       -1.38622e-02

# 17 qpoint :  0.55000  0.25000  0.05000
 0         2.032        2.68493e-02
 1         2.058        3.00495e-02
 2         2.307       -2.01067e-02
 3         2.439       -1.76567e-02
 4         2.508       -2.47544e-02
 5         2.712       -1.69886e-02
 6         2.824        2.48645e-02
 7         2.921       -5.25032e-03
 8         3.038       -2.45203e-03

# 18 qpoint : -0.35000  0.25000  0.05000
 0         2.030        3.69289e-02
 1         2.084        4.93214e-02
 2         2.335       -4.28038e-03
 3         2.420       -1.99238e-02
 4         2.551       -4.17019e-02
 5         2.742        2.12529e-02
 6         2.827       -3.20244e-03
 7         2.888       -3.47297e-03
 8         3.041        1.85713e-03

# 19 qpoint : -0.25000  0.25000  0.05000
 0         1.953        2.21570e-02
 1         2.011        1.92074e-02
 2         2.412        1.79289e-02
 3         2.471       -1.18518e-02
 4         2.571        1.32647e-02
 5         2.620       -6.77200e-03
 6         2.846       -1.16326e-02
 7         2.862       -9.59831e-03
 8         3.101       -3.60430e-02

# 20 qpoint : -0.15000  0.25000  0.05000
 0         1.826        2.75591e-02
 1         1.900        1.95750e-02
 2         2.379       -2.68274e-02
 3         2.510        9.32305e-03
 4         2.558        1.11350e-02
 5         2.657        5.89591e-03
 6         2.862       -2.59565e-02
 7         2.875       -5.72977e-02
 8         3.120       -3.72042e-02

# 21 qpoint :  0.35000  0.35000  0.05000
 0         1.816        3.59845e-03
 1         1.829       -2.91988e-02
 2         2.366       -1.51635e-02
 3         2.468       -2.42538e-02
 4         2.476        8.63465e-03
 5         2.490       -4.03346e-04
 6         2.835       -2.46589e-03
 7         2.840       -3.63591e-02
 8         3.228       -1.56475e-02

# 22 qpoint :  0.45000  0.35000  0.05000
 0         1.917        3.02460e-02
 1         1.941       -2.22362e-02
 2         2.267       -3.33783e-02
 3         2.389        5.59763e-03
 4         2.390       -5.85166e-02
 5         2.537        4.72190e-03
 6         2.815       -1.36933e-02
 7         2.840       -2.20723e-02
 8         3.182       -1.04204e-02

# 23 qpoint :  0.55000  0.35000  0.05000
 0         2.074        1.35424e-03
 1         2.096        1.13632e-02
 2         2.217       -5.69481e-03
 3         2.344       -3.06477e-02
 4         2.399       -2.25801e-02
 5         2.678       -1.33351e-02
 6         2.813       -1.68865e-03
 7         2.873       -3.40004e-02
 8         3.092       -1.19075e-02

# 24 qpoint : -0.35000  0.35000  0.05000
 0         2.074       -5.17115e-03
 1         2.216        7.11323e-02
 2         2.259       -5.19525e-03
 3         2.316        1.19399e-02
 4         2.500       -3.88475e-02
 5         2.808       -1.91326e-02
 6         2.826       -8.68157e-03
 7         2.871        4.32918e-03
 8         3.040       -1.73196e-02

# 25 qpoint : -0.25000  0.35000  0.05000
 0         2.035        1.46507e-02
 1         2.145        4.73667e-02
 2         2.327        7.33576e-03
 3         2.386        2.59370e-02
 4         2.561       -4.32907e-02
 5         2.737        1.04409e-02
 6         2.834       -9.73277e-03
 7         2.874       -1.16580e-02
 8         3.066       -1.68797e-02

# 26 qpoint :  0.45000  0.45000  0.05000
 0         1.893        1.43276e-02
 1         1.905        5.62808e-02
 2         2.186       -1.17477e-02
 3         2.260       -9.78833e-02
 4         2.266        1.55595e-02
 5         2.470        2.51323e-02
 6         2.796        3.45656e-04
 7         2.800        3.80451e-03
 8         3.191       -1.99354e-02

# 27 qpoint :  0.55000  0.45000  0.05000
 0         2.041       -4.93630e-02
 1         2.072        3.13616e-03
 2         2.139       -3.47550e-02
 3         2.188        1.99803e-02
 4         2.201       -6.84009e-02
 5         2.549        3.13300e-03
 6         2.792       -2.63963e-02
 7         2.807       -4.35310e-03
 8         3.149       -9.95476e-03

# 28 qpoint : -0.35000 -0.55000  0.05000
 0         2.094       -3.80006e-02
 1         2.175       -4.01997e-02
 2         2.201        6.40189e-03
 3         2.263        3.38206e-02
 4         2.366       -9.06925e-03
 5         2.720       -4.97136e-03
 6         2.807       -3.60077e-02
 7         2.847       -5.20506e-03
 8         3.079       -2.48391e-02

# 29 qpoint :  0.35000  0.25000  0.15000
 0         1.760       -1.60985e-02
 1         1.843        1.04088e-02
 2         2.315       -7.25852e-03
 3         2.534       -2.57604e-02
 4         2.593        1.78692e-05
 5         2.646        7.19938e-04
 6         2.868       -6.61498e-02
 7         2.892       -1.16133e-02
 8         3.142       -7.20039e-03

# 30 qpoint :  0.45000  0.25000  0.15000
 0         1.900       -1.63511e-02
 1         1.960       -1.52564e-02
 2         2.430       -3.26902e-02
 3         2.498        2.62750e-02
 4         2.515       -2.96351e-02
 5         2.604       -4.05838e-03
 6         2.857        3.46065e-03
 7         2.878        6.90766e-05
 8         3.123       -1.01751e-02

# 31 qpoint :  0.55000  0.25000  0.15000
 0         1.999       -9.89659e-03
 1         2.052       -1.24447e-02
 2         2.349       -2.76981e-02
 3         2.453       -3.52153e-02
 4         2.549       -2.23245e-02
 5         2.692       -1.28793e-02
 6         2.846        1.62158e-02
 7         2.879        5.00273e-03
 8         3.059       -1.99716e-03

# 32 qpoint : -0.35000  0.25000  0.15000
 0         2.043        4.54495e-03
 1         2.062        2.36843e-02
 2         2.320       -2.43484e-02
 3         2.441       -1.24918e-02
 4         2.521       -3.64473e-02
 5         2.743       -1.76361e-02
 6         2.835        1.30043e-02
 7         2.935       -2.44025e-02
 8         2.999        1.19043e-02

# 33 qpoint :  0.45000  0.35000  0.15000
 0         1.917       -2.77102e-02
 1         1.964        1.90789e-02
 2         2.357       -3.09697e-02
 3         2.483       -4.02063e-02
 4         2.497        2.70578e-02
 5         2.548       -1.63491e-02
 6         2.840       -2.47258e-02
 7         2.883       -6.57825e-03
 8         3.156       -3.50436e-04

# 34 qpoint :  0.55000  0.35000  0.15000
 0         2.037       -1.88377e-02
 1         2.114        1.08858e-03
 2         2.270       -3.14151e-02
 3         2.419       -4.53761e-02
 4         2.481       -2.07520e-02
 5         2.671       -1.35060e-02
 6         2.848        2.19600e-02
 7         2.906       -2.17669e-02
 8         3.079       -1.88054e-03

# 35 qpoint :  0.65000  0.35000  0.15000
 0         2.094       -6.13340e-05
 1         2.183        4.50163e-02
 2         2.268       -1.06447e-02
 3         2.373       -6.23706e-03
 4         2.504       -3.98375e-02
 5         2.784       -2.77750e-02
 6         2.860        3.86272e-03
 7         2.941       -1.33838e-02
 8         2.997        5.16242e-03

# 36 qpoint : -0.25000  0.35000  0.15000
 0         2.059        8.94596e-04
 1         2.179        5.82884e-02
 2         2.272       -7.65297e-03
 3         2.398        6.94610e-03
 4         2.519       -3.43391e-02
 5         2.736       -2.09397e-04
 6         2.868        4.43010e-03
 7         2.904       -1.02592e-04
 8         3.044        1.02630e-02

# 37 qpoint :  0.55000  0.45000  0.15000
 0         2.063       -6.56493e-03
 1         2.099        4.72332e-03
 2         2.199       -1.74620e-02
 3         2.333       -3.68131e-02
 4         2.357       -2.87108e-02
 5         2.650       -3.62260e-03
 6         2.814       -3.21168e-02
 7         2.860       -3.02547e-03
 8         3.108       -6.57599e-04

# 38 qpoint :  0.65000  0.45000  0.15000
 0         2.113       -3.54929e-02
 1         2.190        2.23006e-02
 2         2.236        4.19477e-02
 3         2.323       -3.59077e-02
 4         2.421        1.66750e-03
 5         2.791       -1.00710e-02
 6         2.843       -2.30780e-02
 7         2.885        6.93864e-03
 8         3.026       -1.55142e-02

# 39 qpoint : -0.25000  0.45000  0.15000
 0         2.097       -9.31382e-03
 1         2.212        5.01811e-03
 2         2.283        4.58432e-02
 3         2.331        3.44736e-02
 4         2.504       -9.22810e-03
 5         2.827        1.74152e-02
 6         2.866       -4.25148e-03
 7         2.910        8.54825e-03
 8         2.999       -4.84122e-04

# 40 qpoint :  0.65000  0.45000  0.25000
 0         2.097       -3.81501e-02
 1         2.209        1.37505e-02
 2         2.258       -1.69804e-02
 3         2.362       -1.10856e-02
 4         2.500       -3.12669e-03
 5         2.796        1.14074e-02
 6         2.872       -2.37245e-02
 7         2.931        1.17741e-02
 8         2.998        1.31614e-02

# 41 qpoint : -0.25000  0.45000  0.25000
 0         2.111       -1.18220e-02
 1         2.194        8.86989e-03
 2         2.292        1.25712e-02
 3         2.333        1.78135e-02
 4         2.495        6.89705e-03
 5         2.851       -2.36201e-02
 6         2.873        2.15665e-02
 7         2.927       -9.27031e-03
 8         2.968        2.83772e-02

